0110001100100010
1100001100111001
0101100011100110
0010101110000100
1100010010011010
1010010100001100
0101011111010101
0011101010011100
1101001000110110
0001100010101011
1110110101110000
0100111101101011
0110111001011010
0110101100011011
0110010111011011
1011010000010001
1101001011101010
0100011001100001
1000001000100110
0011010101111000
1011100110101011
1101111100010011
1011101111000010
1110001011001101
1010110011111111
1111011010010011
0101001110110011
1100111001010101
0010110000111111
1100001000101010
0000010010011111
0011001101100011
0001010000110010
1000000110100110
1111011111000111
0010101101010111
0101100000111111
1101111000011001
1010101111100001
0011001000010110
1101101011110101
0011110110101010
0101111111001111
1111110111000100
1110000101011100
1101010111001010
0100000110110011
0111000010010110
1111101110100101
0111101111001001
0011011011010011
0100000000011010
0000110000010011
0001100000100011
1000101110011001
0110000011111010
1100010100011011
1110111000011110
1111011000110111
0001110101110011
1100100001010100
1111100111000011
0000110110010110
0011001110011111
0100001111001111
0000101101110000
0011010111110001
0011100101110010
1111110011001010
1110100101110011
0101110011011111
0000101011110111
1001000110001101
0010010001000001
0101010011110011
1111000010010001
0010101000011011
1100001011011000
1110000001110001
0100100101111111
1101011101010000
1010000111010001
1110101111010001
1000001101110111
0010010011110111
1101010111101100
1011100001010100
1010111000011100
0111100010010000
0011010111011011
0101011111101011
1001000010011101
1000101010100010
0001001111101100
1001101000001100
1010000110100100
0001011100101111
0010110101110010
0001110111111101
1001000100011111
1001111010111001
1010100010101010
1111011001100111
0001000100001011
1111110110011111
0001101100010011
0111010101100001
1010111001000010
1011100100101110
0010100001101010
0111000110011000
1101100011111010
0111011001110011
0001111010110110
0111001100110001
1010010010110001
1001100110011000
0100001111111001
1111011101101000
0011000111111110
0111011001001101
1000001011000111
0010100110001100
0010100111110101
0100011101010101
1001010000110110
0011001010001111
1100001100111101
1111001000000000
0011111011001100
0001111010001100
0110101010101101
1011001100001101
1101100000111001
0000110011011010
0100101011010011
0011011100011000
0010010110010010
1001000100000110
1001110101010000
0100111010110111
1110110010101111
0110101001011110
0000000100000100
0010101000001101
0111000011110001
1010100111110100
1000111010100011
1111100110011111
0001000110000111
1100011101111010
0111111100100000
1001101110111001
0111100101101111
1011110101000000
0010000100001111
1100101001001110
0010000010011001
1010110100010011
0000100001010000
0111010110011100
1101000000100101
1100111001111010
0010001010011111
0000010110011000
1101010010001101
0100110000011100
0111110110010001
0101110001001101
0111111110011010
0111011011101110
1100010100100110
0101110010001111
0010010000111010
1010110100011110
0100110011110011
1111110001001111
0100110011001111
0110000100111010
0011111111001000
0110000010100001
1000010010101010
0101000100101001
1011111010100001
0001100000000111
1000010010111010
0011000010000100
1001011001011000
0010001000100001
1111101110100101
0011001000011110
0011110101111000
0101101101011000
1011100000001100
1100000100010010
1111011111000010
0111011011110011
1010111110110111
1001000000000110
1110101101011011
1000011000011001
1100011000111000
0011010011110110
0111111100100100
0101001001000011
1100101111100101
1101011000100011
0010111100100111
1110100011101010
0010100101010011
1100100110100110
0011011001010000
0000111011101110
1001011011000010
1101011100000000
1100001010111111
1110101111110001
1100111100110011
1110010100010101
0100100011000100
0110001111101101
1001001101010000
1001110000011111
1000000001011000
1101011110001101
1001100101101100
0000111001110011
1010110010000110
0000101011001111
0110111010010011
0001111001111000
0101000011011110
0101111111010101
0001110101010011
0100010001100101
0000101110001100
0111010011001101
0100000010010001
0111110101100101
0111110100001110
0101011001110010
1110110000100011
1110010011101110
1001111110010010
1100011000010110
1001000000011011
0100100110101001
0110110101001100
0010110010100110
0011111001101010
0010011000101011
1011111001100000
1001100010000100
1111100010111011
0011110111011100
1110011000010010
0101110101111111
1100110111001011
1101001100000011
1001101001111001
0110000000010000
1100011101101100
1001000101011101
1011111110011101
0101101010100011
1111000011001011
0100111100111000
0011101101011011
0100010001001110
1101100011010000
0110010110011001
1110000100100110
1011011000000111
0000101111000111
1001100111011101
1000001001110101
1111011110110110
1011111011000110
1101000101110000
1010010110000100
1111001010011011
0100101101111111
1001111111010001
0000001001010110
1100000010100001
1111100100011111
0101000011110011
0010100010011011
0110101001011111
0000101001111011
0111101001001100
0111101001111111
0001010001100100
1111110101011101
1010100100010001
1001010000010000
0011011001001111
0000111001101011
0111101000100110
0101000010000111
0101100011110011
1011001101100011
0110111010001000
1110100011110110
1110101110010100
1010000010100110
0100100011110011
0111000100111011
1101000100110010
0110101111111101
1111000001011000
0100011010111101
1011100011001010
0010101010011011
0010100001111010
1011010101111010
1110000010111101
0101000101111101
1011000011100001
1001111100001101
0011111101000011
1000001111011101
1010001011100101
0111010101001110
0101010111001100
1101000000001010
0100000101001101
0010101111000011
0000001100011011
1000100010101111
1011011010010010
1010101011111101
0011000101110100
0110010010010100
1000001000000000
0011111100010000
0111000000011001
1100010001100101
0111001101101000
0110000000101100
1000101101001010
0000010011100111
1101111001010100
0000101011011010
1111011100001100
0100010010100101
1100010101011101
0110111010101101
0110011010010110
1100100010011010
1010111001010011
0000010001101000
1010111010101110
1001010001100011
0110100100100011
0110001111100101
0000111101101010
0101011110010100
0011101000111011
0010000111001100
0011100001001110
0101000011101000
0100010110111111
1100110111111111
0000110000000011
0011100111110010
1110100000001101
1101100111010010
0000011001010101
0000111100110101
1110010100011000
1010100000001110
0111000011000011
1111010100010100
1101011100001000
1010001110010111
0010001000100001
1101000010010001
0000100010001101
0101000111110011
1001011001011111
1000110100000001
1011000100011011
1011011101011101
0101010101010000
1001000111001010
0010001101010011
1000000010011010
0111100001110111
0010010011001100
0010010011111101
1001110011000110
0100001010000110
0111110101111010
0100110100111001
1001110011110010
1001111110000101
0110101011101011
0000000111111010
0100011011011001
1101010110000110
1000100111110110
1101101010100000
1000111100000100
1111101110101101
1101100010010000
0010011000011010
1001001010111011
0001010110110110
0010010111011110
0111100001100111
0000111110100100
0010101101100101
0111010100010000
0101100100101111
0001000111110000
0101101010100101
1111011100100100
1000110000000110
1101101000101101
0101111010100010
1000000100111111
0101111010101001
1110101000110100
0110010011011001
0111111010110011
0000111111011001
0000011001100111
0111110110100001
1100100111100111
0010001111011101
0010000111010011
1001010110010110
1100101101101000
0010010100111111
1101000111110011
1011010011101011
1111000100100000
1001101111110101
0010011001100110
1101010010011111
0100000110000000
1010111010001010
1101101011001011
0101011001001001
1101110101010101
0101010101011011
1101011001011101
0111011001001011
1001101111101111
0110000101111010
1000110110010101
0111001001010010
0110101011110110
1000111011110101
0110010100110110
0111100100001001
0001011000101100
0100010100101000
0000110101100000
0100001010000110
1100101100110111
1101010011100100
1011001110001110
1100011111101001
1110111100001101
1111100110101110
0001001010110110
1111100010000100
0010001011100100
1100110111111010
1101101100110101
0110010001101110
0011011110000001
0001000100100000
0001001011000011
1100011010011011
0001110101101111
1101111110011001
1101010101110101
1010010010100101
0100111011010111
1111001011010001
1000100010110000
0100000101000000
1110001001011111
0101110110100101
1010110000100001
1101101110001111
1100011000001100
0101011111100011
1101101100001011
1100010001100010
0110100010000110
1001010110110100
0011000000100000
1110100100101010
1111000000110101
1011100011001011
1110010110010111
0100001010110001
0010111111100110
1111011010100111
1100000100001010
0010101101101101
0011010011000111
0001111101110000
0111100101100001
0001011110101010
1000010101001110
1111011001010011
1010000010001111
0110111101111010
1100100001110111
1011111001011011
1111110001111010
0001001100100010
1011110010010111
1100100011011000
0101001101110000
1100110101110000
0100011101001001
1011010010011010
1011100100011101
0111101100110100
0110000101100101
0000010001101000
0011000000000100
0010110001001111
0000101111110110
0001011001111000
1110010011111010
1011010110011100
0101101100000110
1010000001001011
0010100101100111
0100100101100000
1110101111100100
0011100100101011
1010011010011000
0111101001001101
1101010111001100
1100011111100111
1100010100010011
1000100000011000
0011010111001101
0110000111011111
1010111100100000
0101110000011010
0111010110011100
0011110001111111
1001000101010101
1001110100001111
0010010110111101
1101011001110001
1101000111011011
0010001101001000
1111001001101111
1110111001100011
1110110110110111
1000001111100110
1111000110011001
1001000100010011
1100001111001110
1001100110100101
1010011100000000
1001011110101101
0011101101011100
0001000110010000
1001101111010100
1000100101101010
0001011000110001
1100000010000000
0110100101110101
0001010110110111
1111101101010010
0000001111101000
1101001101101000
1010011011000010
0100000100100010
1000011011011011
1011001000101111
1100100001011000
0010110011110110
1100011111000001
1110111110010110
0010001011001001
0001101011111110
1101111001011001
1110011100110111
0001101001001010
1111100111011101
1011111011011010
1100000101010011
1000111110010100
1110101101001001
1110100101111111
0011001000111010
1010110011100010
0010110011000010
0011011111100101
0111001111101110
1111111000011011
0000110101011110
1111001111110100
0111000001110000
1100010110010010
1110100101111101
0011011000100110
0110010101101111
0000101110011110
0000111010100001
1110101101111100
1001001010010110
1001001101100001
1011101010111000
0001010000110000
0101110100110110
0010101111100100
0000111101110011
0010111011000110
1101010101110100
1011001011111010
0101000100011111
1111001000111000
0011011110011011
1100010000101110
1010000101101111
1000111011100000
0000110110100011
0111111110111000
0110001110011000
1010101010010110
1111100000011010
0101101101100011
1000011100001011
1100101101110101
1001011000100100
0111101101110111
1010001011111110
1010111001000101
0001101010111110
0110100111010110
1000110001010010
0000001110100000
0011101011110000
0011100100111101
1101001101000111
0110101101110111
1011000111011111
0100011101101100
0001001110101001
1101010111101101
1010110111111111
0110111100101010
1011100010101100
1101000101111000
1010001010101011
0001110011111011
0010100000001110
1101011001111000
1011001010011101
0000000011011111
0010001111100111
0100010111010110
0000100000011110
1001100000100010
0100011001101101
0011000111101000
0001100000101100
1110010100100000
0100011111110011
1100010100011101
1000011011000011
0100101110101100
1111011101001110
0101010001011110
1100001010110100
1010111011100010
0110100110100101
1111101011100100
0011101001100011
0111111100001101
1000101101100000
1111100011000001
1111110101010111
1100001010101110
0000010111001010
1001101011110000
0000101100100110
1000110001001001
0011001011111101
1011000110001100
0010011101010010
1001100111001011
1100000110011001
1001110010100100
0111010000100000
1011111001101001
1000110100101111
0110101011010111
1111001011011101
0110110011110011
0010000000011111
1111001101010010
0101011001011100
0011100110101101
0111100011100001
0010100101011000
1110001101000111
0110111001001010
1011001011110000
0101000110001111
1110011010111001
1000001101011000
1110101001100110
0101110000010011
0111000011100010
0000011100100000
1000010111100111
1101010011001000
0010011110111111
0011001001100010
1110100101101100
0100111111010110
1001000110001100
1111111000000100
1110011100101111
1101001001010111
1101110111101001
1111010111111100
0010111101010010
0001100001001100
1000011110011110
1001100011000100
1101010100011110
1100111000111110
0001010010000000
0001110110001100
1101011111100010
0010001000100111
1010100011000001
1011010001011110
0001000110011010
1001101111110111
1111100101001100
0011001110000011
0010001010001010
1000011100001111
1110001111100111
1001010100100010
0101011001111011
0110001111001111
1110110111110111
0100111011001110
0101111011101001
0100110101111011
0001110100101100
0000100011100110
1110001110001111
1011011010001110
0101100001011010
0000010100011000
1110100100000101
0001001101001100
1000100110111101
1111110000000011
0011001010100010
0001110101000010
0011111000001100
1101111110101010
0001111110101001
0011100011110001
1010000010001001
0010100000010110
1001001001100101
1110111000010001
0100001001001010
0110001110000011
1110001011100000
0100010011000001
1010001100001001
1001101111001010
1001100011000000
1001011101110000
1011011100011000
1000111100100111
0010100011111110
1101001111111001
0111101100011111
0100000001111110
1010001001011010
0011111111000101
1101110001001011
0101001110001001
0011111001100001
0101010111110001
0111100100110101
1110100111000010
1000000111010111
0110010001101100
1010100010011000
0110001010111001
1000001010111001
0110010111001010
0110110010011110
1001111011101110
0111010111101111
0001000110100001
0110100101001110
0000010100000011
1001111101000101
1001101101101111
1010010111111100
0000010010111000
1111100001011101
1101000001101110
0100001000110111
0101010111010010
0111111000101100
1101110111110001
0010000111100010
1100010100100001
1011010110000101
1101100100101101
1101100100010101
0001100011011000
0000111100111110
0111100111111001
0011010010100001
1111101010001111
1011010110001100
1110010111101010
1001111110101100
1100011110010111
0100000000100101
1110101111001100
0111110111111110
1010100101000001
1001111111100101
0000000010110111
0100101110100000
0011000011100100
0101100101010101
1010101010010110
0001001010011000
1111100110110101
1111111000001110
1111010100001111
0010010010110100
1010010110110100
1000110100101010
1111000000101001
1111001111000110
1011000001100001
0111001101010010
0101111010001110
0101101110110101
1101110100100000
0000001011011010
1010110010111010
0011011101000101
0000000011011101
0110110001111101
0010011101011010
0110110100000000
0000101011100110
1000101111101010
1010110100111001
0101000010000101
0011010010111110
0100011010111101
1000110001101010
0010111101000001
0010110010101010
0110000010000010
0110010000100010
1011100101000111
1000010110011101
1001001000100101
1101111011011100
1001101110001000
0000111011100010
1110110000011000
1000001001100111
0001111110111100
1000101010111100
1010100101001011
0000110001111110
1111000001001010
1001011011010000
1010010011011001
0101111100011110
0000010001101010
0110101111101101
0110010110011001
0111101101100000
1010000110000000
0001011001011010
1100011000001010
0001100101100100
1110110001100101
1001010000011100
1111100011110001
0100100101000100
1000001101111000
1111001011011011
0111011101111001
1100111111110111
1001101000000010
0010010010100010
1001111111010100
1011111001110000
1111010011010101
1010110100101110
1110100111011011
0111000001000011
0110100000010110
0011101110001100
1100101111101110
1011110111101000
1001000001001000
0111011010110001
1111101010101100
0101010001111101
0100101001011010
1110100011110000
0011100010101101
0101011100001010
1111010100000000
1100001110000111
1101101110100110
0101001110100000
1001101001010000
0110010101010100
1101101101000010
0001010011010000
0011101010010100
0111001001100101
1111100010001010
0101111000000101
0111001110100100
1111110101101011
1011100011100111
1010111001010011
1111101011101010
1000010100110011
0101001100000110
0101101011001000
1101111001010010
0001111101011110
1100101001110010
0001010000101110
0010001101001001
1011101010101111
0100010111100010
0110100100011000
1010001010110110
0111101001000001
1110101001010110
1111010000010010
1011110010111010
0101001111111111
1101110001011011
0101000011001010
1111011101110001
0000011010000000
0000010000110100
0010001110011100
1011101011000010
1001001001101100
0110001011011010
1110010110010001
0101011111010100
1000111101111100
1001100111001101
1111001001001010
1101100001101100
1100001101101101
1101011000110110
0000111101011001
1011111010010100
0110000010100000
0010110111001011
0100100100001100
1111111100000110
0101101010110001
1011101111011011
1100010001111000
1100101100110000
1001010101111101
0011000100100011
0101011011000111
1110001000101110
0100000001010010
1100100100010011
1010000000100100
1101111010000110
0001001001011111
1100111101101001
