10010000
10010010
01010100
01100101
00100100
01011001
10001111
10111010
00101001
11001000
00001100
01110001
11110100
11000110
01010001
11011011
10011000
00011000
01101101
00111111
01111101
10011110
10010011
11010010
10011110
11110110
01000111
01000101
00010011
01100100
01011011
10100110
01011111
11001101
10011011
11011000
01001101
00001001
01001110
11011101
01110111
01001000
01110000
11110101
00110110
00101110
10010011
01101010
10011100
01010111
10100111
11111001
11111000
11100100
10100010
10101101
00100101
10100010
10010100
00111110
00100110
00101001
10111110
00101011
10011100
11110000
01010101
11010000
10010011
10011100
01100101
01011011
01011110
00011010
01111110
01001000
00110000
10100010
11110010
10100011
11110101
11110111
11100001
11111111
10011101
11011110
01011001
11101000
11011101
10111000
00000011
01101101
11100001
10011100
10000010
10101010
10110110
11011101
11010110
11010101
11111110
00110010
01110001
11001000
01101111
10011011
01010110
10110011
10100111
11101100
01101001
01101001
00000100
11110111
01000100
10000100
11111100
10110110
10011101
01101000
10101110
01101000
10110001
10100010
01001001
00111110
11101100
10110011
10011011
00111111
11000000
01010110
11111011
11111010
00001100
11101000
01101100
00010001
10110111
11100010
10110101
11111110
11111111
10110111
10101110
10110110
00000011
00111000
00000111
11110100
00110011
00111000
11111010
00110000
00011011
00110100
10111000
11010010
10100000
11101000
11101001
11101011
01011100
01101001
11010000
01111011
10010100
00100100
10011111
01011101
00011111
10101000
10000010
10011000
01100001
10101001
01110010
01110100
01111011
11000100
01101001
00000011
00100011
01101001
10001010
11100011
01100110
01011001
00100011
00111011
11011001
10111111
11001101
01011111
00011111
00010110
11110111
11000010
01010100
11111011
00001011
10101001
01000010
10011111
00001111
11010011
10011001
11110011
11100011
10011101
10000010
11001000
10101001
10100001
01101001
11111001
10101100
00011011
11100110
01011010
01000001
10011110
00010011
11111101
10000001
00010111
10010100
11100011
01110100
00011100
00001011
00001110
10001100
00110101
01111110
00001110
10100101
10001011
01001100
11110111
10101101
01101110
01000001
01111001
11110001
01011101
10000001
10011110
11001001
01111100
11111111
00111011
01011001
11101101
10011100
01110101
00111100
10011001
11010111
11101100
00100000
00110110
10000111
00001010
01110001
01001110
00100011
11011001
10010100
00001111
00001000
11100110
10000100
10011000
01000110
01000101
00111110
00111001
10101000
01101010
01011010
01000110
01101000
11101101
00000001
00010111
10011100
00101110
01101110
00101011
11101000
01111010
10010110
01110111
11110100
01010111
10001110
10100010
10101000
01001011
11001011
11000001
10101001
01110111
00110001
00111101
01100101
00011110
01000101
00011111
01101111
10100000
01110101
11000111
10111001
10101100
10100110
01100000
01001010
11111101
11001100
00001011
11101010
00001101
10000010
10101111
11010100
10101111
00010110
10100101
00010100
10111011
10101000
01110100
00110011
01010010
10010011
01000111
01010011
01010101
00010001
10111111
11101011
00101110
00010010
10110111
01111010
01100001
11110101
00000001
01111011
10000100
01111011
01010010
10011101
00101100
11011010
00110110
11110011
01011101
11000101
00110001
01000010
11000110
00101100
11000100
10001110
00111000
00000101
10010010
11011111
00101111
11100001
01101001
11101111
11000101
10100101
10111011
01000010
00001011
11011011
00110001
10100110
10011010
11111010
11101000
00101110
11110010
01110000
11111100
01111011
01000111
10010010
00111101
00101000
10111010
10111101
00100101
01000001
01000100
01101100
10011100
11101000
11111111
01010101
00001100
00011011
01111101
01000110
01111001
01100001
01111010
01111010
01011110
01110010
01100100
11010100
10100110
10011111
00001011
00110100
00101001
11101101
01001111
00111001
11000100
10101010
11101000
11000011
01000011
00010110
01010110
01011011
11010010
00110001
11100001
01100000
11000100
00001101
11111001
10010011
00110100
01001001
00110001
00011101
01111000
10100111
01001101
01010111
10011001
10100111
00001100
00011100
10001000
01000111
10111101
10101100
10110111
00010011
10110111
00010100
01011101
11110101
10011000
00011011
10010110
11000001
11011011
01011011
11110010
01101010
11111110
11101010
11000011
01000101
10111110
10100001
00100001
10101011
11000010
11101000
01100100
00110000
00011001
01011010
01110110
00011110
11110000
00111000
11110001
00111010
10101000
10001011
10110100
01110100
11001011
01111001
11000011
10001110
10110001
10011011
11000101
11110010
00000110
11001101
10011110
00001011
11011111
00111100
10010001
01011000
10000111
01111110
01010101
01001110
01110010
10110101
01010110
10000100
00011011
11010100
01100011
00111100
00110100
10010010
10101100
00101110
01101011
01001001
00001011
01001000
10101001
11100010
01111110
10000110
10101010
00011100
00000110
11101001
00110110
10001111
01100000
00101110
10011001
10011111
10011100
00011101
11110100
00010100
01101001
11101001
10000111
01010111
00110010
00110000
11001111
11100101
10101011
00000001
10000010
10101111
01001010
01111011
00110001
01001000
11001101
11010111
10001100
10110110
11101100
01111011
10011000
10100101
10110110
00001110
01011110
00110001
00000110
01001011
01111010
11100100
01010111
00010110
10101001
00011000
10100110
10010100
10100111
00011110
00110111
11101110
00101110
00101111
11011001
11011000
01010111
10000000
00010111
00110100
00101010
00100001
01100100
11110110
10101100
10101100
10010000
01000101
01011101
11010000
01101110
01001110
10110111
11001001
01011100
00001110
01000100
00101011
01010000
11111001
00011011
00101001
10011110
10111001
00001110
11010011
00010111
00111110
01010100
01101010
10111100
11101000
11111110
11100011
00010001
10111101
10100001
00100010
00010001
10101111
10101111
10101111
11000011
10111000
00100101
11001001
01111000
00110100
01001011
01010110
10100001
00110011
10011000
10100101
10010100
11011111
00011000
00100010
10111101
00100001
01110111
01110101
01110000
01000000
10111010
11101010
01110011
00011101
00111100
10011111
11001010
11010001
11110000
10111010
10010011
10000110
11101000
00110110
11100000
01111110
11001011
01001100
11101100
11111101
10100011
01110110
00111110
11010010
11100011
00011110
10000111
01100000
01011110
01011101
01111010
11011011
11001000
11011100
11111100
10000110
00000000
11011010
10001111
01100010
10111000
10110100
11000010
00110011
01110100
11011101
11011001
00001100
10000000
11000111
11000000
10011011
01000101
11010111
10010001
10101011
10101011
11111101
11111000
01010101
00110010
10010101
01100000
00101001
11010100
11010111
01011100
00001000
00110100
00110011
01110011
00011100
11100101
01110110
11011100
11100001
01001010
01111011
00010000
10011100
10101000
01101010
10001101
00111011
01001000
10111111
11101111
10010011
00101001
10110111
00110001
11010100
10100000
11010000
01000010
00010000
00110101
10000010
11100110
01101111
10001110
00010000
10000011
00100101
10001000
10010001
01000000
01000000
10100110
11011111
00110111
10110011
01110010
00100111
00000001
01111001
01010100
01011110
01110110
00010110
10110111
11011011
00100110
10011110
11010111
01110110
01010011
01110010
11111000
10110010
10110001
00100100
00001100
10100101
10100101
11010011
00010111
00111011
00111100
01111000
11011010
10101000
10101101
01100001
01100110
00001000
01100000
10010101
01111100
11010000
10011110
00001011
11101010
01010110
11001110
10001101
11100111
01010011
11010110
00001101
10100110
01000000
00110010
11111101
11011010
00000001
00101011
11010010
00110000
10000010
00101011
10011001
10001000
10001111
11100101
10101100
00001010
01111100
01001011
10000101
10111011
11000111
11110000
00001111
01011010
11110111
11101101
01101000
11000011
11110000
11101010
01110110
11100011
11010110
00110110
10111111
01010010
01010101
01000110
01011100
00111101
01011111
00101001
10110000
00110001
00001110
00010010
10100011
10010111
00011001
10000010
00001010
11011010
00011001
00000000
11101110
10001111
11101001
00001100
01000000
10011001
00100100
10101001
00111110
11111010
00000011
00011100
10111101
01001010
01001011
11101011
10101100
10001010
11000100
10000110
10011011
10110000
01011111
00101000
10111100
10000101
00001111
01011001
00011000
01011000
10010000
11100010
10011010
01011100
01110111
01000101
11111010
11000010
11011010
11110100
11101110
00001110
10101110
10100010
10010000
10001010
01000011
01101011
00110111
01100000
00001010
01000101
11011101
11110011
00001111
11101111
11101010
00011111
10100100
10101101
01111000
00100110
11010010
10100111
11000000
00001100
00111011
01110101
01001100
10010110
00101011
00111011
11000011
01110100
11001000
01001111
10001110
01100011
01101001
01110101
11010000
10001001
10010100
11101000
00000101
01001111
00010111
10010000
00011000
11101000
01101000
11111001
01101001
01000100
10110111
10000001
10111101
00000000
00001100
01110010
01010010
00101010
01100000
10010011
01000101
11110111
01011100
01000010
01101101
11111110
01010010
11100111
01000110
11100110
11011110
01101001
11000101
11011001
11111000
01100110
10010110
00110000
