010100100001
110110001001
111111101100
011111110100
111010111001
011010001111
110000110101
100000100100
111010100110
011001101011
011100011000
001010001001
000110101110
111011000111
001011100010
110010010010
010111011100
101000100101
101010110010
101110000100
010111101100
001001010001
011110100101
001010101001
001001101111
001010111000
111100010111
111010110111
110011000001
001111011101
111001110010
101111000111
111100010100
010011101001
100111100100
000100101010
010010110100
100001010100
001100111110
000100101101
100010010011
101000111011
000110010110
110110000010
110111001101
110000000100
110001001110
101011101110
101110110010
110111110011
001101111001
110011000001
111011111101
010101101010
111010011110
110100100000
011010111010
101100000100
111101110111
110010111100
100011001101
101100011111
001101010000
010110100111
110100011010
100000111000
011111110101
101110011010
001001001100
011000110011
101111100101
011110000001
110010101000
010110110110
010001111111
000001101010
000111000110
111001001000
011111110110
010000000100
000101110000
101110000100
110000101111
000101010011
100011000001
100110010010
100100110100
110111010111
000000101001
010001110011
010011110000
101101001010
000011111100
101011110010
001101011011
101100111101
110100100010
111100011111
010101000010
011100011101
101011000010
100100110001
110000110110
100010100010
100001001101
111000101110
001111100100
010110010000
101100111010
001011000011
011111010001
001111101011
011110101110
101011110001
110001001100
100100010100
001101101011
000101111010
100010101101
000010100101
110101110010
100101011011
111100101111
000011001010
010001001000
010110000000
101001101100
011101100001
001011110110
110100100111
010000111000
000101001010
001001111110
001100011101
001101000100
111010100000
100010111110
010001010000
111000011101
010101101100
000001101101
010100100100
000010001101
001010100100
111000101010
000010001011
001110100010
101111100111
001101111011
101111001110
010010000110
000001001101
000101100011
011010010000
101110000101
011010101101
100011111101
100111110100
110111111001
010100000100
010100010010
001110100010
001000110001
010010110100
000100010101
101110100111
011000001100
110110111110
111010110000
011000001100
000010001010
110001110100
011111100100
100001110110
011000001001
100011001100
010111100101
100001111000
100000111110
111000101010
001011011101
011001010111
000100110001
010101000001
000001001101
110111100010
010101111100
011010011001
011010001010
000001010101
101110111000
101111001011
001010111111
011110010000
011000110110
100100011111
101001101010
101010001001
001011100000
100000100111
111010001111
010101000110
111000101111
011001111001
110100100100
000110010010
010110000100
011000011111
001001011111
001011110111
000011011000
100110110110
000100011000
000111110000
100100100100
111011100001
100111111101
100110101010
101101011010
100110111100
100111110001
010110011100
001010111011
100000000111
110111001001
001111100111
110100000101
000111101101
110011010001
011101011001
001011110100
100011010110
101100010010
110100101000
010101001111
111100000111
011001100111
011011101101
110110010100
110010111010
110101111011
001101111000
111000010011
101011010010
101010000110
100011001101
011101111110
101111001000
111101001011
001111000110
101111100111
001000001010
111000100011
100101010101
111001100110
100000001111
000010110000
001010011111
010111000000
000100101011
001110110011
100110001101
100111010101
100001101011
010100110011
100001100110
100000000001
101100101110
000101100100
001000100111
110000011110
000111001010
101001000110
010001011101
110110110010
110010110000
011110100101
001111110011
101111011101
000011010110
001001101110
100010001000
110101101111
101101010100
100110100000
100110010101
011001101110
101010010101
000001111011
110101101010
010101111000
001101101001
111000110111
001101101111
010001110111
011001010000
111000000111
011010011000
000100100101
110111010110
101110011110
110110111000
000000110111
001101010001
011000011001
010111111001
111110010100
001010011101
100100011001
111011101010
010101111100
001111001100
010111100000
010010101110
101100011001
111000100010
001000001110
000110001000
101110110011
110001010110
111011010111
101011000101
000000000001
000111010111
100101011010
100111110001
000100000111
110010000110
100111110110
001100111110
111000110001
100100000000
111101101001
100100101111
001101111100
111100100110
001100101110
100010001110
011011100011
100111101011
000010011101
101011101011
001010001100
110010011000
111100010011
100001010011
001111001010
101010001110
011100010011
000100101111
001000101001
100011000000
000110000110
101010111010
010011001001
001111010011
100110111010
010000000110
110110101111
100111011010
100101001000
111011000110
101010110110
100110000001
101011011111
110011000111
011100101101
010010110100
110001111011
011110011011
101011000111
110010001011
101101000001
001001011111
010101001010
001100011110
111000100100
101111010101
110010100011
111101000011
001110010011
100100011110
001000111001
100000100001
111000111000
100101100100
101100101010
001010110011
000110101010
101010010110
011100000000
001101111101
001101111010
101001111001
011100001010
001100011001
010011000011
101101111001
000100101100
010010100111
110001000110
011010100001
000110011000
011110001111
001100011010
001011110010
110010010100
010011011011
110100111001
111010011100
000100110000
101001111000
010110101000
110000010000
110111001111
110100000000
101111010001
111110110010
000000101010
111010001100
011100100110
000101110011
111000000001
001101001001
001111010110
011101011100
110011010110
110100110100
100011000001
111100001110
111101000100
111011111001
100011011110
110111110101
101010010111
100011100100
101000111110
111011010110
000111110110
010010110000
000100000000
111100011110
100101000111
101100100000
001111100101
100001001111
100100101000
001001011111
011110101110
111100010001
010101100000
000110001001
011010111100
101010101001
110111001001
000100101111
100011101001
011110010101
100110001001
111010000110
110000000000
011111000101
111010100111
101010011111
110010110101
101101000011
111001101100
010010010100
111000010001
010011010110
111011110101
001101110001
100000110011
000001000011
100010010110
000000000101
000011110000
001010100001
010101110110
111010100110
000111001100
011010101000
000011111000
111011001010
110010001001
011111010010
111001101000
111001010011
001010010101
010100000101
011000001101
011010101111
001101111000
000011101010
101010110001
001101101011
100100001110
010111000111
000011111010
100111110110
000011000111
111100001111
101001100111
111010001010
001111001111
000010000011
011111110011
111000010000
010101111010
010001000100
010010111101
011011011101
000011100100
110111001010
111001100011
001101111000
011001011100
001011111101
100110111011
110001011101
101101000010
101110111001
100111011100
101010011111
010110000111
111100011100
010100010001
000101110011
001000100110
011101010001
000011101011
010111111000
000000100111
011001100100
101001011101
101011101011
011101001111
101111000100
101011110101
010111001000
001111110100
011000011101
101110110111
001011001010
111001010110
010110100100
100110110010
010010010010
110010011011
110101100110
000001110001
010111000010
011011111001
000000000011
111000110000
111011001100
110111101000
101000000111
110100000100
010111110011
110100001001
011100101100
000000001100
000010001010
110111110111
110001001000
111001010110
100011100001
110100110110
100100011100
001011011111
100001011110
011100111000
011111110000
001001111000
101111110101
110010000110
100110100010
000000101011
000001000010
001100011000
000101100101
010010010111
110100100100
010010101011
000101101100
110111110010
100111010100
010111101101
111111101101
000110010110
000101110000
110011111101
110010100011
000000001100
110010000010
010100100000
111010111100
000010000110
101011100001
110100000100
111110001110
011101000011
001000101101
111101100001
101000100011
001010010111
110100111111
110010011000
010101011001
110010110101
010101111101
001100011011
100110101010
010000100011
011000100111
101010000101
110010100110
001001011111
001000001101
110110111110
000101100100
010010010000
100100111101
000000001000
111100000010
110010001111
001100110011
101110011110
101010111101
011110110011
101100000100
000010101111
100001011010
101000001100
011110001011
000110001010
011000101011
000001010011
011000010110
010101111000
100011111100
111010010111
111011100000
011010110110
101010110011
110101101000
000100011111
111010101001
001010010000
101010101111
100110101000
000001100000
010001001111
001100111000
110000110001
000100111110
111000001101
110000110111
111101011111
001111000100
110010110000
110101110101
010001011010
000000100101
000100100010
011001110101
010100000101
100110110000
000001100110
001011111101
000101111111
001100111000
010101111100
100011001100
110001000111
101000011101
111001000001
111001001100
000111101001
110111010000
010101101110
010010011000
010000000011
000011110110
010011100100
110011111110
111001011010
010110010100
101011111010
000110110111
100111101001
110000001001
100111101100
011000100011
011011010001
111001010110
011100011001
000110100101
011001001010
111100000100
110111010100
001101101010
000011000000
000011011111
101000110011
000110010000
010001000100
101001001110
011010001001
101011111111
110001100000
111111111110
100011111110
000101100110
010111110001
001100001101
110100111001
101010100011
000100101001
101100101001
011000100100
000110011000
011100111100
000101111111
100001010001
011010110011
001001100010
010111111101
100000011100
101100111001
000111110001
100101100000
101111111001
100010101000
101011110011
101011101011
111100101010
110111110011
010101001101
110011111101
100011000110
101011001110
111111011010
100000101110
101101001001
101001001001
010010100101
100100100101
000100010000
011101010010
110000001101
101100101111
010110101011
101111101000
100110111111
000110011011
101111001010
100111101010
101110011110
111101101111
010010101100
110100011110
111010111001
001011100110
000000011010
101110001110
110100100001
011011001100
111111001001
000010110110
100101100011
100011000011
000010011000
011101110011
011011111100
111101001011
001110000010
010111001011
010011111101
100010001011
100111010101
000000011110
000101111100
110101011110
100100000011
010010011011
110110011111
011111101001
101010000011
001011101000
100010001110
111001110100
110100110001
100001001010
010000010011
111000100010
010011110000
000000111101
010010001001
001100001001
101010000001
000000010011
111110001111
000001011100
011101001000
100010010100
001101100000
011111010110
110101011111
100001100101
001000001110
010101010100
111011010111
110000001110
100000101100
010100100001
101111010100
110001110101
111101011010
001110011111
100000000000
111110011100
110001000111
001110111001
010101010101
000111001111
111000111011
110000011010
100110011011
011110011101
000011010001
101111010000
100111111000
111000100110
100111110110
110001111100
111110110011
110001000100
011001001010
111011001000
100010111000
100000101010
111001010010
011000111000
110110001001
100101001000
110011100001
000100101110
110000101001
110101111001
010011101000
000000000010
011111100001
101001100011
010100111100
010111001111
010110001100
101100011111
111000001111
111100000000
100101100100
010101111100
111110111100
010000111100
011110110011
001111111101
100010011001
001100000010
000110011101
110100001111
101010110110
011001110100
101011001100
101100010111
110001101110
111100101010
110101100011
000101001101
101011101100
110000110001
110110011100
110011110000
101001101100
000000011001
111111000111
111100010111
101010001111
110100001001
101010110100
100111110000
001001101101
111001111101
111110100011
101000100100
011011010100
001110000100
001100100101
000010100010
010010110100
111111111111
100101111100
001110000110
000101011011
101111011010
111110110001
001000101011
011010101101
000011101011
000000010111
010101001110
010000111000
100100011010
010111011000
100001111001
011111111000
111000100000
100101101101
010010110001
101100100010
110111111111
100010111001
011110001111
011100110110
011000010000
000001011100
111010101100
000110111001
010100110101
001010101011
101101110011
110001110100
010001101111
010000000101
100000100001
000000000101
101110011000
000111001010
101100100101
101100000011
000010101110
100011111100
111101011001
111010101111
100100100111
000000000110
101101010100
000101011010
010110011101
000000011011
010000110111
000000011011
011110001111
010001010101
100110100111
010110011101
111110010101
100110010101
101010100110
111110010111
100011100001
011001100100
011011111010
001001100100
111011100110
001101011011
011010011110
111010010111
011000100101
010100100110
101010111001
011110110111
011001010000
101100001001
001001010100
010010011000
101111101010
101011000110
001110101101
000110010111
000011011110
101111000110
110001000011
001010111010
101101001011
000111110000
111111101111
101101000111
011001100101
011111011111
011011001110
111010010000
111111001100
100010010001
101101010010
110011011010
001010101111
000000000111
001000100101
110000011011
