001011110000
011010111001
011010001000
010001011010
101010001011
110000101001
010011110100
101010001011
100000100000
100110011100
001000110111
100111111011
101101100101
011001111000
000100010011
110100111101
010111011100
000010000110
000111010000
001010011111
111110110000
111101110101
101001001001
100110110100
001001111101
111001010101
010001101100
110011011011
110110010111
011101111111
000001001101
111011111100
100110000101
111001111100
010000011010
001010100100
001111010111
001000110100
100000111010
100111101010
011010100011
101100111000
100001001001
000101001000
101110100100
111101000101
000011110010
111110000111
001010101010
111110101000
110110110110
111010011110
111011100011
100100010100
110101111111
110101101010
100011101101
001001111011
110101000010
010101110010
000000010001
001110000110
011100010100
011110111101
010001011001
000100101011
110010000101
010101000110
001111001011
001110111000
010011010001
011101010111
110011100100
001001111111
010010001100
011011011010
010100101110
010111111000
111011001010
101100001010
001000001000
110001110001
101101011010
100010010100
010000110000
010000001101
110001110101
001101010011
111001110001
100010011110
011011111000
100110111110
101101111100
001010111001
110111010010
000100001010
111101111011
110011001010
101011100111
100110100101
111101100110
011100010011
011111110100
011010111110
111011101001
011111111100
011111111100
101001010000
011010100101
000101010000
001110111000
100001000100
001111110111
111010111011
111000101101
101100111011
101000011010
011000100110
000010011111
011110011011
000000010010
111100110000
101011100011
101101001001
101111111001
010010001011
110110111000
110110101111
011101010111
010000100100
010111001000
000011110010
010010100011
010110101101
110111111100
100100111100
001011000101
011001101010
100001000010
011000000100
010100000101
110000011011
001000111111
011000001110
000000011111
001011111101
100010001111
111011010011
011001111100
001110000001
001000010010
001111101011
011010011010
010111011110
110101100011
001010111000
010100111100
111110011101
100011000100
000010010110
011000001001
001100100011
101101111111
101111010001
001010000111
011001000101
100110101110
101110100001
100101111010
010110110010
111101101100
001100110011
111011100000
110010101111
001101001101
101101110011
100101000011
111100110110
111110100111
101100010100
011101110001
011100111101
110111110000
001111010100
111011011000
010110110001
110001110011
101001011110
010101110011
010101111100
110110111001
001001010111
111100101101
010011100100
111011100100
111010001101
010110100100
001111000010
100101100101
111110110110
110000110100
110010011101
111011011011
010101111100
011010100101
110001100011
001001010101
011001100110
001110000001
111101001001
111010010001
000011110101
101100001101
100000000100
000110101111
011100000100
011000010001
011001011000
000010110001
001010011001
010010001000
010011101110
010101001101
001100001011
000000010110
000110000011
101011001111
101010111011
010110001101
011111000000
110111010010
000111100001
010001010001
100101011000
001010100101
111011010010
101100101111
000100111000
100001010100
000101010011
001110010101
010011011111
001100110100
100011001100
111100010000
111101110111
001001101000
010110111011
011001101001
011011000110
001110111000
010001000010
011000001010
100010110101
001011111110
001110100100
011010110101
011000111100
000010000100
101101100101
110011111101
010010011011
111101101001
000100001110
110001101110
101011000011
110111010101
101101001001
010001100100
000110101110
001010000101
100110110110
011111010101
110100110001
101001000000
111100001110
100000000000
011111100001
010011001010
101011000011
100010111110
100000111110
110111110000
000101101110
101000111010
111101111010
101010101100
111111101110
110100011001
000101011011
010000110011
010100001000
111100000011
000000111110
100111101011
110111010101
001001010011
001000110110
000101000111
000010011101
011101001011
000111111000
001111111110
111110001010
101011111100
011000110111
111010010110
011110000100
111111101010
110000100000
111011110011
001001100001
100010110101
000011110000
001011010000
101101011001
110010101100
110110111001
100110110010
100101010001
110000101000
101110100000
011101001011
011101010101
101011100110
011110101000
111000100110
111111011110
000110001110
100101000101
010011010010
110111000111
110111110001
110100101011
101001001100
000000110010
100011010111
100101101000
010111110110
001011110111
100100011010
111111010111
101000001110
000011100010
010010010001
110011011001
011110110110
111101001010
100110101011
101010001111
100001100110
010100110111
111011101100
110001100011
110110000010
010000001011
100001101110
011001011101
000110100000
101000010100
111001100110
000001000101
000111111101
000100111000
001000110010
110000110100
110001001101
001000110100
010100100010
001111100000
110101000011
101000010111
001110001000
011110011110
100010000101
010000111001
101010000101
000011101000
100110001000
110011000010
101001100000
110101010011
000111010111
111001100100
110000011001
100111000001
110111001010
100100000110
000111000100
101001001100
101010001011
110001011101
101001101100
001010110101
000001001011
010111110101
010010111011
101111000101
010000101000
001101100000
010011010000
110011101111
110111100010
110110010111
100110101000
000000001110
011001001010
011010110010
100010100000
010110111100
101100100100
110001111110
000101111010
100101101111
110010101100
101000111111
011011110000
110111011100
010000111100
001111000001
110111111000
101110010100
101000110000
000101011110
110110110011
111010100101
100010101010
010011100110
111100011000
000001100001
001000111101
101011000100
010010110001
100010110011
001110001100
110011000110
010101101000
011111110101
110100010101
100000101001
000110101100
110000111011
111110101111
001110101010
000000101110
000110101000
110100100101
111101100010
110011101011
011101000000
101001011101
010111101101
010010001001
111000100001
010111111110
110000001101
110110001000
100111100010
100001100010
110000111000
010010111011
011100000101
101000000110
001110100010
001011111010
100010111111
100110010100
101010000011
100101011100
110101111010
111101010101
111100001101
001001111000
001001001111
001111010101
100100111111
111001000011
110111101111
111010000100
100011111001
100110001111
010111011010
010010101111
111011110111
011001011010
001011100001
011110011111
100001010001
000001100011
101011100000
010100010111
111001100010
111000010111
110010101100
010111010101
101001011001
000000100111
111000001001
011001001000
011011011001
011010000000
100101111101
010110011111
010001110011
011100001010
000001101110
100010001011
101111011101
010011000011
000001100001
001010010011
011111000111
000101010101
111110110101
111010001000
000101001111
110110111110
011001111111
110001001001
111101010100
100001001010
101010100111
011110101001
011101011100
111001001101
110000101101
101101101101
100011111101
110011100111
010011010000
101011111010
010011010001
110001110101
000100101100
011010010010
000100000001
111111100011
101000110000
011111111101
101110011000
001101110000
110100100000
011101100000
010000111010
011100101100
001111110010
100110101000
001000011000
001011110110
111110100111
000101001011
100011010010
100001110110
101110111110
011101000110
010010110000
101010111101
000101001110
010100010101
001111001011
100011010111
100111100001
110110000001
111111001101
000001000110
010100111111
001010011100
001001001110
000100100001
100010101111
101001100101
111001010000
011011010101
011011110010
100111111100
011111001000
000110111011
111101001010
110001011101
100010100101
001000011011
100000000110
101011011100
011101111101
010111101011
011101111001
010000011111
111000111000
101101101111
111111100000
110000001001
101010000000
000010010111
111110000011
011101011000
101001111110
110011100001
001100101010
011101011100
101000010100
011001111111
011000101111
110101100011
000001011101
011110101111
001111111111
001011011101
000111111000
011101001000
011011111000
110000101010
000110001000
011001100010
010100010010
110101011101
010100110001
001001100100
101101100000
010111001001
110011000100
111110010011
001000110100
111100000100
101110111011
010011010011
001001111010
000100101010
001011001110
010001000001
101011101110
010100110011
000001111110
100011110100
000100111011
101001001100
010111001110
000001010000
111000101010
010101010011
001001001000
011101001101
110011000010
000100110110
001001011010
110000100011
101000111011
111011100010
111100110100
100101000100
111011010011
000100110010
110110101001
110101111011
110001111001
111101101011
000011100111
111001111110
111000101011
011010010001
010111111000
101011101000
111111100110
100111111010
100100111110
001000111011
010001001010
000110101101
111101010110
100110111000
100100111000
101111011100
110010111101
000110100100
010001010010
010110000001
010011110000
111001010010
001010110100
000100010000
011110010111
001001011110
000010001011
001000000000
011111000001
000001110011
000110010111
110001011101
111011000010
110001111110
101001101010
000110100000
010011110100
000111000110
111000001111
011111101001
010001000101
101111010100
111100011101
011100011011
000111010010
011111000010
000101011111
101011010011
110000100110
000000001111
000111111100
000101011100
011010100101
110001000011
010001001100
001000010011
110110001111
110110000010
111110000011
100010101010
101001100010
010100101000
100010011111
100111100011
100111011101
010011001111
101011001101
001011101100
110101111110
111010001111
100001111010
110100110101
010100000010
001111111010
011010011010
111100000011
011111101110
100000001100
101011111100
010000011011
000010101011
100010011110
100010110010
010000010110
101111110000
000001001011
110001111111
110110100100
011111110100
010100010100
001111110111
100001100011
100000100001
000101011011
010001011000
111100110100
101000100001
000001011000
100011110100
100010100111
100110011100
111111100100
101110111110
101010000000
110011011001
100011000011
001001011111
101001010000
011110110010
001101100111
001010001100
011011010101
001110111111
011000100011
111110110001
011000011011
001110001110
011110100010
101100110010
110100100010
011101110010
000101101000
010110110010
110110111100
011100001011
011110101010
001110100000
100011001011
101001111001
110111011010
100100001001
011110011000
011011010000
010110011110
001111110100
100010000100
000001101000
111011010111
011111111110
100000011100
100101001010
111001101110
101110111010
000010111110
000000110011
110010101110
100011101101
000001000011
100011000011
010101111111
010011111001
110010101100
100100001111
010110111000
100110110110
001000010011
001111011001
001010011011
100011011000
111001100000
001101001011
101010010011
010000110101
111010011011
110100010001
100000111111
110111111100
001000011100
101101100110
110001111011
101101000001
110010001101
000001001011
000100001111
101011000101
000101010001
010100110111
101111111010
000011000111
001101111011
110100110011
101111011000
100110010111
101000101100
010100000001
010001110011
101111111110
101000100101
111000010110
111101111101
101011101110
010001010011
010101011011
000100110110
000011000011
100010001111
110101000010
100100011010
110011001111
001011011101
000111110010
101010110010
100111011000
010000111001
111111101011
100000011010
110110101011
100001111100
110101110000
011001110111
100000111001
111010010001
101111010000
110100101100
111101110111
001010111010
111000000011
010000011100
110001001110
010001001110
100111010010
101010111101
111111011110
101010110110
000101001001
001100011011
101101101011
001111001010
101011010011
100111111011
100010110110
110101001011
000000010100
111010001010
000010100000
110101010111
111010111011
100011001001
011010000011
011111000001
011100000110
000001101011
100100000010
110000111110
010000000000
010111100010
101111111000
100111010110
010111101001
111011000010
101010111111
111110011101
110111100011
011000010100
001101001110
010011000100
000011100011
111110111001
011110011011
100110010101
101010001000
101110000111
110010101000
001111000011
001111001000
011010011010
101001110011
110000000001
111100010101
110101110011
011110110011
001000001000
110000100111
100010011000
110011101000
000110110001
000001000101
111000111011
110110011000
110010101101
110010111110
101001001001
101001001111
000000001001
101010000100
011000011111
001001101010
011010010000
001010111011
000001000101
001101111011
011111011101
111010101000
110101011111
101000111000
101100001110
101111001101
111110100100
110010101000
000010100111
010101010111
111111100011
100101110011
100101110010
000010000101
010100100111
101100000010
011010000111
110000100111
100000100110
010011101001
011100101010
000111100000
010110110011
111011011011
011001111010
100101011110
100100000001
010111000111
000011000001
101101001111
011101010010
111001000011
011001000010
110110001001
011100010001
000101010101
100101110000
100010011110
111010100110
110011010000
110111101110
101111001011
000000011110
010011000010
100111011001
010110111011
001111111011
110011111010
111011110001
101000000111
100000000000
100000100100
110111100101
001010001111
