1011100001111101
0000101101011100
1101100010110001
0110101011100100
1000011011001111
1011100111000000
1010111110010111
1101110111101110
1111101111000000
1000100101100000
0000111011111100
1100001100100101
0010111011110101
0101101000111110
0000010001000001
0111010000001111
1101000000101100
1100011000100011
1110010100010101
1010100110111101
1110001010011000
0101011001111001
1000010101010000
1000111001010001
0100100011101010
1011111111111111
0010001111010010
1100011101111001
1011000100001000
1000100110001100
0101110010110110
1001101110011111
1001100011100011
0001101011100100
0010000100011010
1010001110100100
1111010000001100
1111111000000001
1010011101110111
1000010111001001
0001101000100010
0111111010110110
0001010101001111
0001011100101111
0100000001111000
1110111110110001
0110110011001101
1001011110010111
1100001101001000
1001110010010000
0110000100011101
0011111111100000
0010001000010001
1011011110110010
0001100001110101
0111110110010001
1000110111111110
1101100000100101
1011100010111101
1000010101110111
1010101111100111
0011101000100000
1100010101001010
0011110010010000
0101100010100111
1000011100011010
1100010011000111
1101100100000001
1010001100001101
0000001110010101
1011011100011010
0111100010110111
0110000100001100
1101101100110011
0110101101010011
1001110010101100
1001100111110110
1000100000111000
0101100110001111
0110000110010000
0001100000110001
0110010001100000
0101100110110111
0111111001001101
0110110110111101
1000110000000101
0111110101010001
1100001000000010
0010001101001000
1010011011100010
0001110010001000
0101100000111111
1001100111101000
0010111001111100
1110111110111111
0100101110000111
0001011100010110
0100010100001010
1001000010110111
1110111001110111
1101010000011011
1101011100110101
1100001101100100
0100000111011110
1010100001000111
1101011001101011
0101101110001001
1001111000010001
0101010001000000
0011111011000101
1101000101101001
0100110001110010
0101100001010001
1111000011000101
0001110111010101
1011110001001000
1010001110010111
0111011111010110
1101000101101001
0110111110000011
0101011010101110
0011011010101100
1110001001001001
1101000000111010
1110001010001101
0101010101110000
1001111000000001
1111010101100111
0011011001101011
0001110100101011
0101010101001110
0011010101100000
0100010010100000
0000010111000100
1010101110011000
1010011100111110
0100011100000000
0111100101000010
0000101001111111
1011110101000010
0001001001101000
1101111101001110
1011011010110000
0001001000100100
1110010111010111
0001010111111001
0101011110110011
0011001000010001
1010110110011101
0101000100110101
1110010111110010
0000111101010110
0111100110010110
0010101001010000
0111001111011011
0001000100001110
0010111111000000
0100100011110001
0110110101111001
0000001010111110
0010101010011110
0011000001011011
0011011101111100
0111000011011001
0001010100001110
0101111110101010
1101110011111001
1010001000110010
1111000100001111
0111100101000001
1001111111110111
0100000101001110
0110110101100100
1101001011101001
0000111110010110
0110111011101010
1011111011000011
0110110010111001
1111100001011001
0100011000101010
0110001010000010
0110001101111000
0000101110010001
0100001010000010
0000111000110010
1011001011111100
1110111010001001
0111010101010100
1100101000010111
1110010011000111
0111010000011111
1101011000001010
1110101111001001
1000011001001001
1101110110101011
1111100110000011
1010111110101100
1110010000101011
0110011001110010
0111001101011011
1011010011110011
0000010010011001
1000100000101010
0111000110111101
0111100101101110
0001111001001011
1111000011111101
0011010010011010
1110110100010010
0101111010010010
0100100110010011
0010101101111110
0000011101110001
1101100101110001
1100011001101110
1010111101110010
1101110001001110
0110111011001011
0000100011010111
0001101101100101
0110001011010000
1000011011110000
0100011011100110
1111100111011110
0000100001010011
0010110110000011
1011010001011100
1000100100010101
0001011100111110
1100001011111101
0110011000110001
1011010111110111
1011001011011111
1010001100010011
1001101011111111
0000010111101000
0100100100010000
0100010001000111
0101000010001001
0011101001100100
1011101011111111
1110001000000000
1101011110010011
1011100011100000
0101001110010001
0000110000001110
1111010111011101
0110001100001101
1001000011011101
1110011010011010
0000111101010000
0011100001110001
0110011100100111
1011100100100001
0111100000000010
1111110111000011
1111010000001011
1100101110011000
0100111011000001
0011100100101100
0101001110010101
1111100111111001
0010100100111111
1101011110111001
0111100000100000
0001100110100111
1011011001011111
0001110011111000
1011000100011011
0001010001010000
1110101101100110
1010111111101101
0110000101101001
1110001110111111
0110100001010111
1000001011110101
0010101101111100
0010000000000101
0101000001011110
0000010010011001
1000000010011100
1011000010010101
0110100100100011
1000000111010000
1101101010100110
0100010111101001
1111101111100111
0111000001100110
0111011111000111
0000100110010101
1010111101101000
0000110101100101
0110100110101001
1011100101111111
0010010111001000
1110000110111101
0000101000001110
1111101110011101
0001101100101000
0010010101111111
0000100001111101
0110010010000111
0001101110010001
0101010010100010
0110101000000000
0001001000101110
0001100101110010
1100000010000110
1010110101010100
0100111110101111
1010101111111011
0110001100000111
1000010111010100
1101100110011011
1110100111011001
1111110010111010
1110010000010110
1100101011100110
0101001101010101
0100101100111110
1100110111011001
0011100000101011
0000100111111011
1011000101010100
0001110011011011
0000110111001001
0110110010010000
0011011011100000
1100001010100101
0111000010111100
0100000110111101
1011100100011101
0000010001101001
1001010010110101
0111000111001001
0001100100100111
0101110110111011
1101011001100010
0101111001111101
0001010100100100
0101111010011110
0010110001001101
0101001001101111
1100011000011011
1101101010110101
1001110101001110
1110101000100000
0011110001011100
1101010011110100
1000000100010000
0001010011001111
0010110111001110
0110000001111000
0101100011100001
0011000100010110
0101101001001000
0100110010011011
0100011101010011
0100111100010011
0010110000011000
1010101101011101
0111111000001100
0001010111111100
0100000111010100
0110100111010011
0110010010110100
0110110101111101
0111011001001010
0011001011000001
0101010011111001
1000110100010101
1101100111101100
1001011001110100
1111000011101100
0110110110001100
0001011010001011
0110110110101111
0010111110101001
1101110011001011
1110100110101001
1000011001001101
0100000110100101
1011001101101001
0111000110111100
0011010101001011
0010001111110111
0000011111000010
1000001001111011
0101000010001100
0000000001111110
0011100101110110
0001000110001001
1001000001100011
0111100101000001
0111000000101100
1011010010010010
1100000000111010
1001000100011001
0001000000101011
0001000101111001
1110001000100000
1000101000111100
1010110101100011
0100110110000101
1001101010001110
1010101010000011
0001111011001011
1101010010111000
0101101100010000
1101100110000100
1100010001000000
1010011000111111
1011000010111100
0000010100101111
0010110100101110
1000001011000101
1001011001110100
1001111100010011
0001010011100100
1011111101011110
0111011111011000
0110001000010110
1010110110000001
1110000011100011
1110100000100100
1110110101000101
0110100011111001
0110000001010101
0001101100101010
0011111001011011
1101110100101010
1001000010100110
0001010101100011
1011111000111001
1011010001001001
0101000110011101
1010000011110010
1010111101001111
0001111110000000
0011000100111011
0100100110000011
0001100100110000
0100101000011010
1010011011001000
0111010000100001
1011001000100000
1010010000101100
1110110110110010
0010001000101011
0110111011111110
1110000110111001
1110111100110000
1100110000010000
0000001110111110
0001010010111101
0000101000101001
0011100110010010
0101000011110000
0110100001010010
0000100010001100
1011100011110011
0001111010101101
1011100101000001
0111001010111000
0101011111101001
1001100010001100
0111111110110100
1001110000100011
1011100010000100
0010101001111000
1010101101100111
1110011001110010
1110011111010001
0100001011000010
0111110111111010
1000001001011110
1000101011111110
1010000100000011
0111111001101000
0011110101111101
1000011100101010
1010010111110001
1001010110111000
1011011101111011
1100001011100101
1011000011101010
0000100010101101
1111000110101111
0011000111111011
1001100110100111
1100101001000011
1100000000001110
1000010101010001
0011110110101110
1011101000011010
0000000001110000
0101101101001010
1111010011000001
0000011111011010
1010111001110011
0011100011011111
0111101000010100
1001101011011010
0001111000110100
0110100010110011
1000010110111110
0000011001100000
1000010001110001
1011110001100011
0100000101110011
1001010111000011
0010110111001001
0101010110111101
1000111110110110
0101011100110001
1100101100000111
0001010100111101
0110000011010001
0011100110100010
1111010010111110
1100001001011001
0011010010011001
1110001000001010
0001000001101101
0101000110101001
1111111101010011
1110100101110100
0101110100000111
0000011011111111
1011011011101011
0101010010100000
1101000101101111
0010111100110111
1101100101101000
0001101110100000
1111000011001110
0100111111111101
0010010011001000
0111011110011001
1001101101010110
0011111010110101
0001011100001000
1001010000111010
1000000010000000
0010111001001101
1000000001110010
0010110111101000
1011011111001001
1000110000110111
1100000000111100
1000001111010101
0111010001011100
0111000000000101
0110101010000110
0001011101011100
0001001101011101
0000101011001011
1101101111000010
1011100110011111
0101100011101110
1111001111110001
0110100101000001
0100000100100111
0001010110100011
0100001001010011
1110001100110111
1110001001101010
0011010101111000
0110101000010101
1010100000111010
1100001101011111
1101011101110101
0100010111100101
0100011100110111
0000110011011100
1011100001111000
0011000101010010
0110001011100101
0001111101100001
0100010111110111
0000110101001000
0010000001111010
0101100101100100
1011010100111110
0000010000110001
1001111000000110
0101011010010100
1111001110110111
0110111010111001
0110000100010001
1100010010100110
1001000101100111
1101011011010110
1011000010101110
1011101001010011
0101011011000100
1100000010100110
0110111001010110
1010100001011110
0110001001001101
0110111101010100
1000101010110010
1100000011110000
0000011101010100
0010000000111100
0001010111100111
0001010111100110
1111011010010100
0101111110011011
0101101000101010
0010010101101001
0100001001001101
1111100010010001
0010110110100110
1101110100100010
1001010010110001
1110010001100101
1000011010101010
0000011101001010
0011001110100110
0011111001010111
1110001011111011
1011111100110111
0001110011001111
0110000001110100
1111000001000101
1100110110011010
0000000110000100
0101110101100000
0010111100111010
1111100001000101
1110001100000010
0001101100001010
0111100110101110
1010110100000100
0111100101001110
1010001100111001
1100011011101000
1000011100100110
1100101100011111
1010110101111110
0010000000111111
0011111100001000
0010101001111010
1111111011110001
0111010101001110
1001110001010000
1011000011011101
0001101110111010
1010001100101101
1110000111001100
1000010100100010
1001111111100111
0011101000111100
0011000111010110
0111110111000010
0010101001011001
0101111110110010
0000010010110000
1011110001000100
1101111010101011
1011001101011011
1110110011101010
0011110101000011
1011011000001101
0100111001001110
0111010100011000
0110000110010110
1110110011000011
0001010001011101
1101001100001111
1110000111100010
0110001101011111
1110111000001110
0000100010100111
0010110011000011
1111100011001111
0101101100001001
1111011110111111
1010111111111101
0011110001101011
1000010001101000
1001101000000110
0001111000100101
1101000011100010
1001010110101100
1110100001111000
0000001101101100
1010011110111011
1010100110101010
0010001100110101
1001001001110111
0100110100000011
1110010001010000
1111110000110010
0101011000111111
0100010101101001
1011001011001011
1010111100000001
1111001100111000
0110101100110010
0010100111011010
1111001011100111
0101101011011011
0011100111000110
0101110011100110
0100100010000010
1101000101110010
0100101110100011
1000011100001100
1001011110010010
0100100010101100
0001001111111010
1010010001011110
0000011000000000
1010010001010100
1000010111100110
1100110000010011
0101000000101101
0010110010111111
0100100101000100
0011000111000111
0111000011000011
1100001000011011
0010001101101010
1110001011010111
1011100100110011
0010110110110110
0000010100001011
1100011100001111
1101101110111101
1111011111000110
1101010111100000
1111010011000110
0100010110011101
0011011101110111
0101010010101000
1010010110000011
1110111111110001
0011000111101000
0001011010110101
0010011011110010
0010111011011000
1010011000111000
1011101111010111
0001010110100000
1110101010100101
1010011101100100
0100111000000010
1100000100001001
0100011110010011
0100011111001111
0011110110010101
1111011111000011
0111110111110101
1110111000010100
1000000110000101
1101001111010111
1110001100101011
0100100011110101
1100010010000101
1011110110000000
0111111110001101
1011110100111110
0101001110100010
1100010110000111
0010111001011110
0110011101010010
0001011101111111
1001101000001011
0100000000001111
0010010100000101
0111100101100101
1110111001110010
1111000001100010
1100010010010010
0111111000110010
0100100001010101
0011111110001000
1100111000101110
0110000101010111
0001101011011100
0100001110111011
0010001110100110
1101001001101001
0000000100110001
1100000010101101
1010110101001001
1011010011010000
1010000010001010
0110011100010010
1010100000011110
0011111101110010
0010000101001001
1000111111101100
1100100011001011
1110010111000000
1010011010001000
0001111011111101
1100100010100111
1101000111000011
0111010101010000
0110110010010101
1111111100011000
1101011011011000
0000101001001011
0101101010101101
0110101001000001
1000010000100011
0110111001110011
1000110110011100
1000000101011011
0000001011001001
1101100100110100
1011100011101001
0010000100110111
0101010001111010
0101111111011110
0110111100101001
0110011111001011
1101000111110100
0010011000011001
1011001101111001
1010110001000111
0111100101010100
1001100101011110
1111100110100111
0110100001011111
1100001101101010
0000010011001101
0110001001100011
1110000010001000
1001000000100101
0010100100110111
1111110111110000
0001010011101101
0001110001000100
1000000000001010
0101000111010010
1010101010111111
0111010101101110
1110000000010001
0100110101101100
0100010011111000
0100111101111101
1010111101110101
0111010000111101
1110001000001101
0000101001010000
1000001000111101
0100111110010111
0101010100110000
0010010111101010
0010000010110010
0100011001110101
0101110001011100
0010001011110101
1110110100001110
0110001001101110
1011100101000011
0111110011000100
1101100011011111
0100111010011011
0101010101100000
1000101101000111
1111001101100101
0010001100111111
1110000100001111
0100001111001001
1000100010010000
0101010111110011
1011001011100111
0010111110101010
0010001111100111
1001000010101101
1110111111001110
1001000010111101
1001001100011110
1111011101011111
1110011110100010
1001100010011011
0001000000010110
1001011101101101
0110000011101101
0100001111011110
0001110110010100
1100001011110111
1011111100110000
1000110101001110
0011111101110011
1101101111101010
0101111111101001
1111101101100001
0001001111001101
0101000111000100
0110001000000110
0110010000100110
1111001010111110
0100011010000010
1111110000100111
1100011101100001
1010000001110011
1101111011101010
0111000010111100
0100011010000010
1111110111110100
1011000010101110
0101100111100110
0110010111111111
1111010011000001
1110110011010011
0110110000000011
0001101111010110
0100110010000111
0000001001100110
1101001011100010
1010010011100011
1011111011110011
1001011011100010
1010100110000111
1010001110100010
0011000111101000
0010101100001110
1100011001101011
0010000011010101
1111101110100000
1010111101000000
1000100000101001
0111010001001001
1011001111101101
0001000000100111
0110101000010010
1110111011001101
1100010101101111
0011111111011110
1000001000011110
0001000110001111
1011101110011011
0101000010100101
1100010000001011
1111010001001111
1011101101011010
0101000011011011
0010000100000110
0010110001000101
0111101010010000
0011010110001010
0101101011001100
0010101110111100
1101101000100110
0010111101010000
1111001110000010
0101100100110101
1101100000110000
1010001110010000
0001100111011000
1000001101101110
1011100110000010
0110011101101110
0001101001110011
1011001000100100
0100111100101010
0100011100111010
1101011000000110
0101000100110011
0110010011101010
1011100011010010
0010100111001000
0001001011010101
0100010100010110
0100111011011001
1111101001010100
0101111001011011
0011101000100111
0011010110110101
1010110001011100
1111110001010101
0010000011001000
1000001111110010
1011111101010000
0001011110000011
1110001011011111
1010111000001011
0000110111000101
0100100101111011
1001000011101011
1010101000011011
0000111101100100
0100011010100010
1101001000101010
1101100111101010
0011010011110111
0111000010100100
0110001110000100
0011011001001111
0100001000101101
1011001101101011
0011110010011010
0010111110010111
0111011110000101
