11100110
10001111
01100011
00100110
11100001
11101101
10010101
10001100
00001011
10010001
11110110
00001001
01010001
00010001
11011011
01110110
10000101
10101110
01110100
01010100
00110011
10010101
00100011
10100011
10001000
01001000
11001100
10111111
10110010
01101100
11010110
01000011
11010110
01001000
01101110
00100011
01000000
11101001
11000100
01010001
00000100
00110001
00001010
11111101
00101010
01000101
01101111
11011001
00100100
10111010
00010011
00000011
00011100
11111111
01011000
10101010
11110101
11111110
00010111
11110001
10110100
11011111
11111010
11001011
11101010
01000111
00101010
10010111
11101001
00110101
00110111
10110000
10101001
00011010
11100001
10000101
10100000
11100101
10110110
01110100
00010011
10101010
10011100
00111111
10011000
11100101
00110010
00000100
01010011
01000111
00001111
11000000
01110100
01000001
00100010
11111010
01001000
00011110
01010110
00001100
01011100
10001010
11110101
00000010
10000001
00011010
10100010
11101000
00000100
10111100
10110001
01100010
01010000
01000101
00011000
01000001
00110000
10001100
00110100
01011011
01001010
10101100
10100111
11001101
01101000
10110011
00011100
00111111
11110000
11101100
11100010
10111010
01011010
01111110
00110110
01010101
00110110
10111001
01010111
00110000
01000111
10101011
01111001
11010110
01001010
01100100
10000110
10111001
11000000
10101101
10010110
00101000
01100111
01110011
11010000
11011110
11001110
11110110
11110011
00010110
01101001
01000001
01010001
00101100
11011101
00011100
11110001
00100110
01111100
10011101
01001110
10010111
11111101
01001100
00001100
11001101
00000000
11110111
01000010
00001011
01001111
10101011
11110011
01010011
00110000
00010100
01010101
10100000
01100101
00011100
00011111
00100011
01000011
00001111
01100011
11100000
01100011
00010101
01011111
11000101
11010101
01010101
00101001
01101100
00001111
01010010
01101110
00111011
11011010
10100011
00110001
00001111
10100101
00010110
00101100
01001000
01111100
11000000
00110000
11011011
11001100
11010001
00000111
00011101
10111100
10010111
10010010
00010101
00001010
00110111
01100111
00100000
01010010
10101111
11101111
11000001
00011101
01010000
11001101
00011011
00100000
10001100
10011111
11100000
11001111
01011101
11010100
10001001
01010100
10100110
01110011
01100110
00001001
01101001
11101001
10101111
01011101
00000111
11010010
00101101
10100100
01011100
10000010
10000001
00110000
10100001
01110101
00010010
00000010
11110000
00011000
00111101
01110000
00011011
01011010
00000101
00111110
11110100
10010011
01101110
00111100
01101001
01111101
11101100
11111001
11110010
10100111
11001100
11111111
01100010
11001010
10010110
11011000
10010111
01101100
10101110
00110000
00010100
10001011
10110110
01011011
11111110
00011101
10111000
11011010
00100111
01000100
01111101
01001010
01100011
10110101
00001101
01000001
01001001
10001011
11011111
11010111
01111011
00111000
01100101
00110011
11110101
11100100
00011111
11111000
01010000
01101110
10011010
01000101
00100110
11000110
10111001
11000011
01011100
10101001
01110000
00111011
01000101
11001000
11100101
11111001
11011010
10001011
10000001
10001010
01010001
01000000
01111010
11001011
00101100
01101010
10011001
00101100
00011111
10110111
10001000
11110000
10100100
01111001
10100000
00111010
10101001
00001000
01011010
00000011
00111111
01000110
01111110
11001111
01111101
11011010
11001111
01110010
10110111
00110101
10000011
10101111
11111111
10010100
00011111
10101010
00011101
11101001
01010000
00100100
11101010
11010001
10001100
00110000
11001010
01111101
11101000
11000010
00011110
00010100
01100010
11101110
00001101
10000001
11011010
10010000
00100011
00010100
01000110
00010001
01111001
10000001
01011111
11111010
01010101
00001101
00100111
00010100
11000010
10001101
11110001
00111110
00101100
11010101
00110100
01010001
01010001
00100000
10001110
00010000
10100000
10010100
01000011
00001110
00100111
01000000
01101010
01111010
10110001
10011000
10100111
01010111
01010000
11010011
10110011
01111011
01100110
00111111
00110100
00100001
11100011
10110000
11011000
01010101
11101101
01101111
01110110
01110000
00010100
11000001
00111101
11010111
10011000
01110011
00101000
11001010
01101011
01000010
10000010
00110101
10111100
00101101
11101101
11101100
01011000
10011100
11111110
01100111
10111100
00001011
10010000
10100010
00001100
11110000
00100011
01100010
10010010
00011011
01000011
01111100
01010001
10100111
01000000
01011101
11001000
10011110
00100001
00001100
10000111
00011011
11001111
11101111
11111110
01011110
01011010
11001101
00000110
10000101
00111010
00011110
00011110
11100100
11111101
00010100
11001101
11101010
10100111
11100000
10011011
01000001
10101110
01000111
01011101
00101100
11011000
10010001
11000110
11000100
10010100
00001000
10000011
10100100
01101111
00000000
00011011
11110011
10000110
01000101
01101000
01000010
01000110
01100000
11000101
11101110
10101011
11100110
01110010
11000010
10011010
00011000
01110100
00000000
11111010
01111001
11011000
10010100
10010110
11001010
10001101
11011011
11011000
10100101
01011100
10111010
11010111
01110000
01110010
00010001
00010010
00001100
00000000
00011101
00100011
11011100
11110110
11110100
10000111
01111101
00100011
11000100
01010010
01010011
00001111
11110000
01111011
10111001
00110001
11100000
10000101
01100011
11011101
11111011
10110110
01100111
10110001
00001010
10011010
10000000
00000101
01010101
10101001
11110011
10111111
00101101
10111110
10101111
11110111
00111100
10100101
01100100
00110011
10010011
11110010
10110100
11101100
01001111
00110001
00101100
11100111
10010011
11010110
10001000
00011011
00100010
11001111
11000001
11101000
11111101
00110000
00010001
10000000
10001000
10010110
10001001
11110010
11101101
11001001
11011000
01010100
00101110
01111101
10100000
10001000
10000000
01000111
11101010
11100000
10100100
11101101
00100101
00111100
11011100
01100011
11101111
10001100
00110011
00000001
10000111
11100110
11101010
01001011
10001000
01111110
11110010
01100100
10100100
11011111
01100001
00111100
10101011
00110101
10001000
11110011
10100111
00100010
10011100
10010100
10001011
00000101
11000000
00111100
00111100
11110110
01101101
00100001
11100011
11101100
10010111
01101110
10110100
01111000
10101110
01100000
10111000
11001000
01001101
00110010
01000111
11000100
00100000
10001110
10001010
01011000
01100111
01111001
00011011
00110010
11000101
01100100
00000001
01101010
00010110
11011010
01010100
01110100
01011001
10100110
11100110
10010101
11110011
01101011
10011101
10101000
00111010
01000101
00100101
11101110
01100010
11010111
01111000
10001001
11100110
11101111
00110011
11000011
00000010
10010001
01001011
10010110
11011110
00010000
01101000
01101010
00010110
10111010
11101111
01000100
10101101
01000111
00111011
10100101
01000011
01100100
10001100
01001000
10111111
10010100
00101110
01001101
11101100
11001001
01011100
10011001
10100001
11010001
10001100
10111111
10101110
10001101
10000010
00111100
00000111
11010111
01101001
10111100
01111011
01001001
01000001
11111001
11001110
01000100
10100010
11100110
00110101
11110001
01010010
10001101
11001101
01011001
01010010
00000001
10110000
01101111
01111101
01011011
01010111
01001110
01001011
10011100
00110001
11010000
11001100
01100101
11100100
01010010
00101100
00011010
01100110
01110010
00000001
10001100
11110001
01100110
00101100
01101010
00111011
10001101
01010001
01001000
10001011
10011010
00011111
01101100
11000001
00101011
11110010
00111100
01010011
01000011
10000111
10010001
00111000
10110000
01011111
00101001
11110010
10111010
10101101
00101110
01001100
10010101
00100000
01011100
10101010
01001010
10011101
10000010
01000110
10101011
11001101
01010010
00000010
11101000
10101111
00101000
00100110
00111101
10110100
00110100
11001111
01000101
10100001
00100111
10111100
10101101
01101110
01101011
10101111
00010110
10110011
01111110
11110000
11111100
11000001
01001100
11101001
11010101
10110101
11101111
00011000
10110100
10011100
00100011
10100101
11111101
01001001
11111110
11001111
01111000
01100001
11110011
11110111
11011010
00111011
01101110
11001011
11011101
01111001
10100111
11110010
01011100
00000100
01010011
01010011
10010001
11100101
10100100
00100010
11010010
10101111
11101010
00010010
10000010
10010000
10001111
01110011
00100100
00100010
00010010
00101010
11110100
11001001
10101101
10000010
00101011
11001011
11100011
00110100
00101011
01000010
00011011
10001110
00001000
10001110
01001100
00000100
10100100
11011011
11001010
01100100
10001101
01101011
10111100
00111101
11101001
01001011
10111101
01101000
11101000
01110111
01110110
01011000
10011010
00101010
11010010
00110000
01110010
10001111
11101111
00000001
00010011
11110011
01000111
00010111
00101111
00100001
00100100
00110100
10111111
11100100
11000011
01110001
10001111
10010001
11101010
11010111
10010110
10100101
00111001
10110010
01111011
10111111
10101001
00101110
01010110
01101111
00111011
00011101
10111001
01111100
10101100
10011010
01110111
11100011
10010111
11010110
10101011
00111111
00010111
00100110
01111001
01010001
10110110
01111011
00000001
