0000001110001010
1000010111110000
1101101010110100
0111000110110101
1010010000010000
0100001100000111
1110100110100011
1001110100101000
1001000010000001
0101110000001100
0101011010001100
1000011101000000
0000001000101101
0001101011001111
0011011100100001
1101000101100011
1101111010100010
1110011010001111
1100101011110000
1011010000110000
0100111110001001
1111101110010011
1010001011001011
1011110010010110
1011111011100110
1101010011001110
1000000001111101
0111010110000101
1111101110010101
0110110001010101
1011101010011100
0000001100010101
0001011000111011
0100100010000110
0111101101100011
1110001100010000
0001111100001000
0011001000101101
1101100110110011
1001000000101111
1011111110101011
0100011100100110
1001001110011010
1111000000100110
1100011011111011
1011000110100000
0110110010000011
1010011100010110
0011111001001101
1010010100100001
0111011001111111
1110110000110110
0101100101011011
0000010010110011
0101011101010000
1100010001000001
1001100111111011
0011011111110000
1100101110110111
0001001100010010
0100111010110100
0101110101110110
0000011100010100
0100001010010001
0101110101001100
0111001000100110
1110011100011101
1010001000110000
1000010111111111
0110111001000000
1101100100011111
1001010110111100
1110101001000101
0100111101000000
0010100110011110
1101101010011001
0011001001111111
1100101110011111
0000110101111000
0010111101010001
0111000100101000
1111011011100100
1111110101110010
1010110001010101
0000001001001101
1011011011000000
0111011100101110
0111010010111011
1011110101111110
0010011100101100
0001111110001010
0010000000110101
1011110100100000
0010011110101110
0001100001100001
1001111100011000
0111000110101010
0011100111100001
1111110100110101
0010110000110001
1001001101011000
0001011010011000
1101001010110100
1000101111010010
1101000111110101
0110001011111011
1001101011010100
1110011110111100
0100110011110010
1000000001110011
1101111011000001
0101001000010000
0101011110111001
1111001101000100
1111110000011111
1010100111000001
1110011000010011
1101010101101000
0110001111010010
1011011011010011
0001010100101110
0111010000100011
0111111101001011
1011000100000101
1110011010011111
1001011010110000
0010110111010000
0001000011011100
0111001000111101
0010010111111000
0111101000000001
0011101100010001
0011000101100110
1101110100111111
0110001011001111
0000011101110000
0100001101011010
1000111111100101
0010111111011010
0110111110101001
1100111110101001
1101001000110100
0111001111100011
0011001100111101
1011001011110000
1011110010101011
0110010110010110
1101011000110111
1101101010001010
0010011010011111
1001100010100110
1001001111011101
0111010111100011
1001110101001101
1100110100001011
1000100010010000
1010100011101010
1000110111011100
1110111111110001
1100000000010111
1001000100110100
0000111110100011
0100010111101011
0000100001111011
1011011111001010
1000111100010000
0110000000000110
0001001101111010
0111111000111000
0111001101000101
0110101100111010
0011110011000110
0011110010110000
1101101011001010
1111001111101101
1000111000011111
1100011100100101
0101001110100111
0100110101101110
0110110100110110
1101101110011110
1001110111110101
0011110001111101
0000000001101010
1000001011000000
1010000110011101
1100111110010011
1111010110111011
1111010110110011
0010100010001110
1100000110111100
1100001101001011
0101111110000111
1100011010011110
0000000100100000
1110110111111011
0111000110111101
1100011111101111
0101011001110111
0101001001011001
1101001010010000
1001101001011111
0101101111010110
1101111000111010
0000001101110111
1101001111110011
0001110101000111
0101010000000110
0110010111101100
0010010001110101
1001011101111101
1110101001011101
1001101111010100
0010100110011000
0010011101000011
0011110101010111
0110110010000100
1010110111101111
0010110001101111
0011111111001110
0111100111011010
0110100011101111
0001000000100011
1111011000101010
1011100110001111
1111110100110100
0000000110111000
0111110110001011
0001110110001011
0011000111001010
0011101010001110
1111000001100101
1011001011011111
0011011010111100
1001101010101101
1100111001111100
1101111010101001
0000111110001101
0010101111010000
0001100100011111
1010100110110100
1111010100111111
0110110100100110
1101011001010010
0011001000010100
1011000100011111
1100110000010010
0101000011000110
0011110011010001
1110011101101110
0111101001101110
1110010010011010
0111100011011001
1110111001000100
1011000010100010
1101100110010111
0101110001001011
0100001110101000
1010011100000011
1100100110010110
1000001100110101
0001100100101010
1000110000100001
0100010110000000
0001111111101111
1100000010101111
0110111000111010
1000001111011011
1010011111111111
0000100111101000
0011111110101000
0010111111000000
0011100001011101
0011101000011000
0001101001011110
1011011010100100
1011010101101010
1001001111000100
0011110111000101
0110111001101011
0110010001001111
1010100011111010
1110110011011110
0101001001010100
0001111111110010
0011010100100100
0000011001000010
0010000101010001
0101110101010110
0100000000001100
0110100001110110
0101000100001001
1001010100001000
0010100011000111
0011010000111110
1011101111101011
1111110101011101
1101010001111010
0100110101010100
1110000101101010
1000010001110101
0110000011011101
1110001111100101
1011000110111110
1011000010010110
1101111001010111
1100111000101000
1101011001010011
0111000010111101
1010011011001100
1001101100001000
1010101011000100
1001111011100100
0001001011010111
1101010100010001
0011110110101111
0101001010010100
0101011110011000
0001011000000110
1101101000011000
0011001011101001
0010001100110110
0110110100001010
1001111110011111
1011010000010101
0101101110101100
0101101110001101
0100000011011111
1000011001001000
0101101010000001
1101101101111100
0010000111100010
0010100010001001
1010101110000100
1000111000110111
0010010101110001
1001110011110010
1011111011000010
1001011101111001
1101011100100011
1101111010000011
0010010001110011
0101111000111100
0000111011110010
1111001001011111
0100100100111101
1101000110111010
1000000100111010
0110011000100011
1000111011100110
1111100101011011
0110001111111111
1001111000101110
1101101000100011
1111011000110000
1110001110111101
0000101110111010
1111100111001011
0111100000010100
0111100101011100
0101000011001001
1001111110011100
1110010000011011
1010001111100001
1101110010101100
1110011111110010
1101111011011001
0110010100100000
1110100000111011
1001110000001001
1001000110000100
0010011110001101
1010001010110000
0100010101011000
0011110101101011
1100000110000111
0010101101110100
1101010111110111
1010110001111010
1110111111101101
0001011110110011
0010010000100111
0000011011110010
1001011000101011
1000110100010000
1101011001000101
0011110111010010
1111101010001101
0101000100011100
1101110111101010
0100001010011000
0001111000110101
0110011001110000
1010010000101011
0001001111101011
1001001111111110
0100111110001010
1110000101110010
0100111110101101
1011111110011101
0101101011011110
0010011011011010
1001111001011110
1000001000000100
0001010110001101
0110010000011010
0110101110000000
0001011001011001
0010111101001001
0100111111011001
0011011100001100
1001111110000101
0111010001101011
1100011100101000
0101011000110100
0011101101001011
1001001001110100
0001111111100011
1101110010010000
0101011001001010
0010110111010110
0000100000011000
0111000100001010
1110001000011001
1000001011110111
0111110101010010
0011011111110001
1100100001001000
0011110110000101
1101100011101011
1010010110110010
0000000110101011
1101011011001001
0111100100001011
0111110100101011
0111110011010010
0011011010000100
1000110010100110
1000000011000001
1101110001011111
0011011101100000
1010100001111010
0100101101110100
0110111100010000
0011100001000010
1011000111011101
1010101001000101
1101010010011011
1100100011000100
0000010001010100
0011001001111010
1100101000001001
1010100100100001
1110001011110001
1100001100101010
1000011101100010
0101011101000110
1010010000100111
1010001110100100
0101100001111000
1101011100010111
1001010010010000
0100010101111111
0011101110101111
1110110001100100
0011100101111011
1000011110011101
0001100010101001
1010110111111001
0110110010001110
1111010100110001
1101001101000011
0011100100000110
0010010001010110
1000001010111110
0011000101011111
0011011001010100
1001000101001000
1000101000101101
0111111001100000
0010000000011000
0111101011001011
0000100100100111
0111001011111101
1101000110110101
0011111100111011
1100000010111001
1101111011000000
0001100001001101
1110110001000011
0100100100110101
0111010111100100
0111001000011111
1010110101011000
0110111010101101
0010010101100101
0110101001010101
0100100000110111
0000010101011001
1101100111000001
0011010111011111
0000010010011100
1010001011110010
0100000011010101
1001010100111101
0111000110111101
1000010011110010
1001110110001100
1110011100001011
0101010010011000
0010001001111011
0000110001111000
1011010011100001
1001111101110010
0100100100100001
0110110010011010
0010000101100001
0101010000111100
0101100011110111
1111101000000000
1111000011000100
1101110000101111
0100011111010010
0111100100101111
0001110111110001
1001110100000010
0101010111000111
0001000001000011
1100101000010000
1101110001100001
0101101000110001
0010010010110100
1010000110100111
0101010000111000
1101010011101101
0011010001010101
0001110011101010
0100001001100101
0011101110000010
0001100111101011
1001101011001001
0001111001001001
1110101111001011
0110011010110000
0111000001011010
1001101110011101
1100001101000110
1100101111001110
1010110100111011
0110111011011010
0110100011001111
0110011111010010
1011100000000000
0110110001101110
1101101000111001
0001001010100100
1111111010001011
1011010011100111
0110110000100001
0111001100110001
1000010101101000
0000111001100000
0100101111100101
1111100101100001
1001000101110011
1010010111100101
0011010111111101
0001010100101010
1111100010100100
0110011101000000
1011110000010101
1111001110001111
1101010011101011
1001111010111110
0110011000000101
0000010110011000
1111101110111101
1001000000110001
0001101111010100
1011101001010001
0011100110111010
0000000010100111
0111010101101101
1010100000001100
1011100111110101
1111111001101011
0111000001100011
0010010011101001
0100001111101100
1111011010100110
0011000111011100
1100111001000100
1001010111000000
1011101010101110
1000011100110010
0100110110000110
0011100101101001
0111100001000011
1010111001011110
0110010011000110
0011001101101110
1001100101100101
1100000001100101
1001000101100001
1010011011110010
0111010110001001
1110101011101000
0100001011100011
0101110011101010
0111101000100001
0110001000110001
1011100001000100
0101010001010111
1101101001101010
1001111100111110
0110010100011010
1101001110011110
0101000111011001
0011100010111011
1100001010110010
1000001101101011
1011111000100101
1101110100000001
1010101100000111
1101001010011011
1010110001001111
1010011010010111
0010100010101110
0101111010100011
0101100110101001
1000111010111100
1111100001011010
1000100100001010
1110101100000101
0011111001000101
1110101101001001
1110111111010111
1010011010111000
1100111101100011
0110110000101111
1101000011110110
1001111101001111
0011101001111010
0111000101010001
0010011000100101
1110111111000101
0011111111100100
0110000111011011
1001100101110011
1011111010111110
1000111100011011
0110100101111010
0100100000101010
0010011110001101
0101010100110010
1011100001101000
0011100011001110
1000001101101100
0011110110101011
1011110100110010
1100101011110101
0000010110010010
1001010111100001
0111000110111100
0111000001110110
1101100001011001
0001011001001111
1010011110001101
0000000100010110
0100100000101101
0011000000110001
1110000100101000
0000000000000011
1110001001001100
1000110110111010
1101010010010110
1111100000000001
1011110011011111
1101001110111101
1000101111000100
0010000001101010
1000110000111111
1010111010011010
0001100001011010
1101111101111000
0011001110100100
0010000010100101
1101110110100100
0111110000010000
0011101111001011
1010011110010011
0100010110110011
1000011011011100
0010110011000000
0101101010100101
0111010111011100
0001011110111110
0001000111001010
0101000010000101
0100110011110000
1111010000011100
0100101010000000
1111000000011001
1111001010100000
1001000111110011
0011001011100000
1111111011110010
1111101010101001
1000001100101001
1011010001100000
0101000111100100
0111101011110000
0001110010000101
0010111101000010
1110111010011001
1100010100000110
0110100001010100
0110011011000001
1001110111010000
0000010011111001
1011111000100110
0100101110111001
1101110100001111
1100000110100011
1101011010101101
0101111111001100
0000000110111000
1011111001010100
0111101000111110
1011100011101100
0100011101100011
1110110110101111
0111011110010101
0000001001110100
0110011110001111
0101101100110100
0101000100000011
1100001011000110
1000010100010011
0000111100001101
1010111101010101
0000011111001001
1000101011101010
0011010111000011
0000011000000000
0001110011000101
1011001111101111
0000010101010011
0000101000110100
0001000010100110
1110001111101111
1010011101011000
1110001011000001
1110100001000010
1101011010010001
1100011011111100
0111110100001000
1001011000110101
1110100001001000
1100001000000001
0111111110000111
0100000001010010
0111010100001100
0010100000001101
0001011010000010
0010110100011110
1101010001101011
1001101011111000
1000110111110101
1000100111111100
0000000011110111
0010010000010010
1101000001111011
1100100100101111
0011111100101100
0101101010111111
1011010010000010
0010010100000101
1110000101011100
1101010101000000
1110100001100110
0010100001100100
0111110110111101
1100001001011010
1101100111010110
0010011111111101
0110001001110110
0110111010101010
0101101100101100
0000000000001111
1111101110001001
0001000010100010
0011010101011100
1101000101100101
0101110101100101
0001001001100101
1011010101101000
1100011111111110
1110100011011110
1011111110110000
1101100110011101
0100010101111111
0001111100010010
1010101101001111
1000011110111001
1110000100110101
1001010000001101
1111110011011101
0011111100100111
1100111000110011
1001001101100111
1110101100000111
0001101100001111
0111001100100111
1000011111101010
0111000010001011
0001001110100001
1011000001011010
0000011000000011
0100110101011111
1110010110111010
1100100000100010
0011010100010011
1001110101100100
0101110100001001
1110101001111101
0110101100111001
1000110000110111
0110100110100111
1010011001000111
0001101110110110
0110000001000110
0011111000100111
0011110110001000
0110111001100111
0011001000011001
1111101001110101
0110100100110001
0011101011101111
0010100010110110
0001101111011001
0111001111011001
0101111001011100
1101100011010010
0000100000010111
1100101111111001
0010101010110010
0111111010111111
1010000000001000
0100000101010001
1010101111010111
1010000001010111
0010011110100101
0011000010011111
1110111011110111
0001011111101100
0111101101011100
1110101010110010
0010100011111110
0000010100011000
1100101000100001
1010001101001110
1010101000100001
1100110100000011
0100001101100110
0000100011011101
0000010011101010
1011010110101110
1000010110001010
1000111000110001
0000110011001101
1000011001111001
0111111110011000
1011000001101010
0100101010010010
1000111101001000
0111011000010111
1000100011000001
0101100110111001
1100110111001011
0010111110111001
0000111001110011
1101101001000001
0010011011011010
0111011010000100
0110101111000011
0000111011011110
0110110011010010
1110100000000110
0000111100101101
0001000001011100
1001100010111001
0111000100001011
1100110100010110
0101101000100110
1100010000001001
0111011011101001
0011110010100100
0100111001000010
1100110111100110
1001111011111111
0101011010111100
0111011100001100
1101101010010100
1001000000000011
0111011111000100
0101001111110100
0101101011110111
1011001001111011
0000010010100011
0111100000101100
0111100010010110
1110101100011111
0000001100010010
1100111110000011
0000000110100001
0000010101101101
1101001001000111
0000011011000010
1001100100110000
0000010101110010
1100110101101000
1001110111110011
1000010011011000
0001101101101011
1011110101100100
1001100010101110
0110011111100000
0000110101001110
0000111011000001
0010101110110001
1111010010100000
1100101011001111
0101011010001100
1000111001010010
1010101101010010
1001010000100000
0010110100110000
1110000000110110
0001111011101110
1001011001110110
1001110111010101
0001101100110100
1001101100000001
1110011001011000
1111111100101111
0010100011000011
0010011001100011
0000000000000101
1000010101011000
0001100010010111
1000110010111011
0110101110001100
1101110000100001
1100000000011110
1110100010001101
0110010010101011
1110101001011011
0000001110100000
0000011100010000
0111011001100011
1101010100010110
0001100110010011
1000111101010100
0001111101001101
1110101100111111
0110011011010010
0101111011100001
1011001111101110
1110110110101000
1011101111010001
0101101101001110
0101000111011110
0000011000011011
0110001001100000
0111010011101101
1011101110011001
1010110011101110
1010110000010111
1110001001000011
1011111000111101
1010001001000101
0111110010110010
1111011111111101
0010111011011111
1101100100011101
0000010100110100
0000010010011101
1101010110000001
0110101001011110
1000000001000111
1100011111111100
1001010011001110
0101011100100001
0011110111001111
0101101100001110
1100011010000010
0000010000001111
0000101011100111
0111011100001010
