110010110110
011101011001
001000011110
111011111111
010001100001
011110000110
011010111010
101010010000
111001011001
010010100100
111011010111
000101011001
001001011111
100010010110
011101001010
110001101000
110111010110
111100001001
001001010000
000110111001
000100100010
001111101011
010110111111
111111100101
000011110111
010110110100
010000111100
010100110111
011110111000
011100001001
100111011001
000010110111
001100101101
111010100000
101101101001
111100110000
111111001111
010001100101
011011010101
100000011000
110110001001
101111100100
010100110011
111010110011
010001110110
101011111001
101101011001
001010111110
111010111001
110010011001
100000101110
100100110100
000001011111
100001100011
101110011111
110110000101
001001000001
000000101000
000011101001
111010010000
100111001110
010010011110
111011010100
100010001010
011001111001
110001011111
110010100010
110100110011
011000010011
100110011011
011111000000
110000111101
010111110000
100111100010
000010100001
001011001100
010001010010
000001000001
111110111011
011111101111
110011001010
111111110110
001011101000
110000101011
111000110001
010010110111
001100110011
010100001100
100001101101
100101001111
010110100111
100001011010
011100001000
010100000000
110010101100
101000110001
011110010110
010111001001
110110110110
011001101000
001000000010
100011001110
110100110100
001110100001
001010011000
110100100100
110100111111
001000110101
110011001101
111001100000
001000110000
011111010010
010001110111
000001100000
000100011111
010001000110
111100011111
010100001000
100110000000
010001111000
010110110001
110001100000
110101011111
111110110000
010111011110
110101011000
100010100100
001101011000
000110111000
010111011111
101111010110
001111000101
010100100111
100111100101
000100111011
010000100111
110000111110
011001011100
101100001111
110010111111
000100001101
111110001100
111111001001
100010101011
101111001110
101110011110
100000101001
110110011101
001001010100
001101101000
110100010011
101101110011
100001100010
010111010101
010111011001
010001011010
101111010000
110000010010
110011100010
010001111000
101000001001
100111010010
001101001100
101110001110
000101000011
010111110100
111111100000
010110101110
110000100000
010111110010
111000101110
101000110111
000000100011
111101001111
100110000011
110001000110
001110000010
100111000001
010000001101
000000011100
011101111011
001100000011
010010000100
100010101110
100110110100
010110101010
001101111010
010111001000
110110110111
110100111001
000001001100
010011000101
111000010100
010011000000
111111000110
001101111110
110000100111
001000011011
100001000111
100001101001
101100000101
101101100111
101010111000
011101010111
010001100010
010000110010
000010100110
100101111010
010000100011
110000001101
111011101101
011101101010
100010011110
010110101000
001110010111
110111111100
001100101110
001001011010
110001101010
001110111100
011100011010
100010010001
011101011100
110110110111
110010011110
101001101000
111001111010
001001110011
111010000010
010110101100
011111100111
100100010011
010110110000
010111000111
110011010001
000000001001
111011111110
010110001000
010100110001
001101110001
110101110100
001001101100
111000110110
111101000001
110111110000
001011010010
010001011101
111001010110
101001100010
000010101110
111010101111
101011001001
011010010000
111111100010
000101110110
110110001000
100001111101
111110111010
110101100000
100000111110
001011001110
000010100010
010000010010
011011111001
110100001011
100011010001
110100101001
011100010110
100000111010
111011110010
100110110000
010001010111
101011000000
011011100110
111111101111
001001011101
001011110001
110011111110
011100101110
001110010101
111101011110
001101000100
000100111010
000001011001
010011101110
000110100101
111011101101
101101010000
011100011011
111010001111
010000100111
010100101000
001011110110
101110100010
111111000110
011010011001
111000010000
010110000100
011001101101
010011110010
010100101011
100010110001
010111101111
010111111000
011001111011
110001100111
110101111011
010011001100
110010101001
100100111010
011010101110
101100001100
100011110001
001011001100
101001000001
001000010001
011110001100
101110101100
101010110000
100101000111
011101110111
000101110111
010011110110
110000000011
100001111111
111011101111
011011101001
001010111010
010000111001
000110000100
001011100101
100010000001
100001110001
001011011000
011000001001
111001100111
100101000001
001000100110
110110110100
010110000111
111001111100
010101000000
100010100111
110000001101
101010100110
101000100010
000010110000
001110010001
010001110110
111011001011
110001100000
110001110111
101110101000
101010001010
010001011101
100100001010
010010111100
011110100001
110001010110
111011100010
111010010001
100001101011
101001101111
000101011100
100000101111
101101101001
100111000010
110110001000
101111001000
101000100111
110011101110
000110100000
100000110011
001001000010
000100010101
011011110100
100000100101
100101001101
100111010101
010001000101
011110110111
001111010000
001111110000
100011101001
010101010010
011001011101
111111110101
110101110100
001100101000
011010100010
000111011010
001110101001
110110111101
101111111010
011001011100
000001010111
000100001011
000111010100
010100110100
110111011001
011110101000
001000010100
000000010010
100010001010
011100001011
010011111010
101011111101
001001010111
011001110001
101001101100
011000101111
000101001011
010010000101
010000011110
011001011000
111111110111
011010010111
001000111100
000111010110
000100010000
000110100101
011111100001
100000100101
010111111000
110001100101
111111001110
010101010101
010000011111
010100000010
101011100011
000110000111
001001001001
101110111001
000000001111
111011100100
100110000010
000111010000
100010100010
000100010010
001001100100
100011000011
011000001111
100110000110
101001111011
110101011011
100001000100
110101111110
010011111110
011010011000
101011001111
000100111011
000100111111
011100110001
011111001111
010001111111
100110110011
010100010110
101010100010
111011001101
101001111110
010110010011
011000000011
101011100110
100111110110
111101001101
111011011111
110011111111
010001000000
100011000101
001001111011
100101101111
100000100001
011001101001
101000010110
101011001000
000011001100
111111110001
111001100111
100000101000
110110011000
110101010011
110001000001
111100100110
110110110101
011100011110
111010001101
000110000000
011011110111
000011100001
111101111110
000101001100
111110011000
011011000110
011010000111
011011011000
100010110100
111110111110
011111001011
000101110111
011000111000
010000010010
111011100110
100000000011
101111101100
110011100010
100100011111
010111110101
011111000001
101010100000
000110011101
111101101100
110001100110
000100011001
110011100001
111110110001
000010010100
010110011110
010101001011
010110001100
110110101101
111111000101
000010010010
101010010011
100110110000
001000101000
110010010011
111110000101
110000110010
100010101000
110010100001
101011111100
001110101111
110011100000
111100111011
100000101010
100110100111
111100111010
101101010010
011001011111
100001000011
010011011110
100110101110
110000110100
111111011000
010011110010
100110100000
010000100000
011000011100
101101110011
001011011011
000100111110
101000101000
101001111000
011000111010
100101110101
011000111011
000000001101
010010101110
001010010010
011110010111
110011101001
010110010110
110000001100
011110100110
110000011011
100100111011
110101111101
000100100000
000001000000
000101000111
100100010001
110100111000
101001111110
010010010101
101010111100
011111011011
010001011000
011001110100
100101110110
011000111001
110000010000
101110101100
000001001001
111000001100
001011110001
011110000010
111111110000
110000000101
001101100110
101001110110
001011100011
101110000111
001001011111
111100111001
111110110111
100101100001
000011011011
110010010101
001001111011
000010110111
100110111111
001001111000
111111100011
100111110011
011110011010
111101010000
001011111001
101110111100
101010010110
101100001110
111110000000
010011001111
001100010101
011111111010
111011001001
100111100101
100111100100
111110111000
101110011011
101110011110
000110001000
010101010111
011110001010
110010100100
100011100011
000101000101
111010101011
001000101000
001001100011
100010010001
010011000001
001000000010
101100101101
101100101000
110010011001
111100001001
101000100010
101111001111
000111110101
000001110111
111111011101
011001101011
111100110011
001100101110
001011111000
100101011000
000101110010
101101010100
101000101001
101000001111
001010100011
100101100110
111011111000
001001000111
000001100010
110011100011
101101000001
100000011110
000001001010
000011110111
101000010111
110101001110
101011111010
001101101000
010111010111
010110001000
011010110010
110110101111
010101101111
101000001110
110000011110
100000100010
000110001111
100001101001
001110100001
010011011010
110110001001
111000110001
000001011001
001001001110
000001010101
000100101001
110100010011
011001000110
100001001010
111111101100
001010010100
111011010100
011000011111
001100011001
111110000100
100001011000
011010001100
010111001101
001011110001
111001110100
010100001100
011000101110
110011100011
000011101000
101100001111
100111011101
011010001110
110001100110
100100011100
101010111011
011110100011
110110000111
100010100101
101100001110
110100000111
110100000011
000001111110
001111110101
110011101100
011000101001
101011011001
000000011101
111110101010
000111101000
110010001110
001001111101
010101001001
000100010001
000010010010
111100010010
001111110101
100001010001
001101000001
001011011100
110010010000
100100011011
101101011010
101000000011
101011110100
000100100000
100100001101
110000000000
010110110100
110100000011
010100000011
011000001011
011100011010
010100110010
110100101100
010110001100
100101010001
111101101101
101001111000
110010111001
000111000100
010100100010
101010110010
110000111111
111001001101
010000000110
110110010101
001100101011
110110010010
011100011101
001001100001
110001111010
111010011110
010101101000
010110100001
011010100001
111100001000
011001111111
000101101011
001001110101
000100110101
010101101100
111001000110
101010000001
100100111010
010001101010
001011111000
101111110010
011100001111
111001010101
010101001110
110001101001
110001011000
011111011001
010110110100
111110100110
000011011110
111111000011
101000011000
110110010011
001111001000
100001010000
011110101001
100011001111
111101111100
110100110101
001001110110
100000111101
001010010000
101001001011
010011111110
110111101011
001010101000
100110011000
000001001000
011110101110
110010111001
000001001101
000010110011
111110111110
000111000100
000101110101
000001101010
100001100100
001011011001
110010010001
110001111100
010101100001
110111111111
011001010111
000111101110
111010100000
110101001100
100111011111
110011111110
101000100111
010000111000
101010011111
111111011101
101011101001
011010010111
011001101000
000011110000
111000001001
111111001101
101011000101
010111011011
011100011000
011000010100
010001010100
100100011111
111101001100
001001110001
100100101010
100110111000
111100001010
001000110110
000011101100
001010101110
111001010101
011000001001
010100110101
001011010000
011110101001
010101011001
000011010100
000011011110
100001000100
001110100001
100011110100
100011011011
001000010100
111001011011
100101011100
110110010010
101110000011
101111101011
001001100110
011111101111
111011000100
111001110110
110111110111
000000100001
101110010001
101001110010
011100010101
011110010110
110101110111
111001101101
110000010101
010011011001
011100000010
001000000011
010110001100
111111010010
100000111010
000110101001
100100110001
111111010100
010100000001
001110111001
110000001100
101011110110
101111010010
101101110011
001111111100
110100110110
101010011001
111101111110
111111100010
101101111011
010100110100
101100101000
100001010001
010011101100
010110100010
101000001011
100001100001
100111011100
100001000110
000100001011
101110111101
011001001001
010011000010
111001001111
000010010110
010111000010
001100000010
010000001000
101101010011
000110100111
000001000110
101111011111
100100001011
101001111111
010111111100
001100100011
111000000010
110111011010
000111111000
000101111000
011101000101
100111001110
111001101000
110001111001
010011010100
000101000110
010010111001
110010000100
100001000001
001111100101
100011000110
111000101111
100101010001
011010000100
100100011001
011010011011
010110011011
100001100111
000100010010
101101110011
011100011000
000000011110
001011000101
001001100111
110110101100
010011001100
011111010111
001100101100
111010010001
010010110001
110110110111
001010111000
100100110010
111100111100
001001111010
011110110101
011000110100
001001110110
100010100100
000000101011
010011000000
101101100001
101111110010
011100111001
101101000111
110110111010
100011110001
001000100010
111101011111
111110010001
011111010111
011010110001
010110010010
010100111001
101111100010
110111011011
111001000110
100001110010
000000011001
000100100110
111100001010
111100110010
000001010011
011000101000
011100100101
001101000100
010100111100
111111111101
001010000010
