100111111001
111001000101
101111011001
001000011010
111010011010
001010001010
100000011011
100100101000
101101000111
100110010101
000111100010
111011011010
111011100011
000011110111
001010001001
000010100001
011010000000
000101100111
110101100101
111011101010
011000001111
111101100101
000110111010
011000100101
001010001001
010010001111
101101011100
001001010011
101001011010
110100000101
101111010000
011101101010
111000100110
110111010000
111100000001
100010000101
101100001101
111100111011
010110110100
101101101100
100100110111
001100110100
110001011000
110010111111
111011010100
011001000011
000000110001
110100100111
011000001011
010011101111
110100011001
011010000011
010111110110
101011110010
100000111010
011110000110
001010010010
101001000010
001100111000
101111100010
101111111100
000001100111
100111111010
011000010011
100001100000
001111010010
100110111110
000000000101
110001001100
101010010101
000100011000
011100011101
010110101010
111110100111
100010111110
011010001101
110110001001
111011111100
111100010010
110010110111
110010011100
011101010010
000110001100
111111100100
101001010101
110000101100
111111011101
010000100111
111010001010
001001101101
111110100101
101001011101
101001001100
111111010000
101110111101
000011101111
011110101101
010111011100
111100111101
010011101111
001110001011
001010110001
100011010000
001000010111
111101101101
111011100000
100001010011
001000001100
001111100111
011111100100
110110111001
011000111110
100011101100
011110110110
101010100010
101000001011
010100100101
111001000111
110111101011
101010011000
110000000110
011101111010
101100010110
011110101111
101101111110
111101110111
000000001110
101100001001
110000100011
001010000111
010100001100
010010111000
011000001001
010000001011
110100001111
100110111010
011100000000
101101010011
100011001100
001110101001
000011100111
100101110100
100000111110
011010010001
011101010000
111110100100
100110101011
000000000011
010110011100
000111011011
100001001010
101100010001
011111010001
110101110000
001000110011
011100111110
100100000010
011101000100
110101011010
100110001110
100100011010
011110110101
111101110001
111000000110
010111011000
100111011111
000101100000
100000100100
010110100111
110000001010
111011100111
010110010001
100000100100
001010110110
010111100010
110001110001
100001101111
111101010111
100100001110
110000011101
100011110001
010100010011
110001000010
001111000011
011011101100
001100101101
011010011110
000011010111
101111010010
001111100101
011111011011
111111111100
101101110101
100011010101
101001111110
010010110101
110110011011
001011001011
011011111011
100000110001
000011101000
101001101101
111111010100
000111111111
010001101011
010101101111
010110011000
101101011011
000111111110
001000000110
011101001000
000000100001
110010010001
111100110101
000011101000
100110101000
111010001011
111000110111
000010111100
100000011100
011010010000
100000100110
011101010100
011001100011
010010011110
110100111011
010111101101
001100100110
000100010101
010011111111
010000001001
011011100000
100110000110
001001010000
000010111001
010011100111
011010000001
110000100101
110000101101
000101001110
101111001010
011010010101
111000100010
000110110100
110101111101
110000101010
010110000010
110001110000
001010101010
101011110110
111101110110
110010011110
001110101001
110101100101
100101001111
100010000111
110101100010
101000010110
000100010000
001110001111
100100111011
010101100000
111011101000
111111101110
111011011011
111001001001
011001100011
010000001100
101001100011
011001111000
001100000001
100111001110
100100001010
110010101000
000111011110
001100001100
100110110011
100111100000
010101101010
110010110110
100111110101
010101010010
010101111000
101101001001
000001100010
101111100110
110111101010
101011011011
011010000011
110101111100
000000110010
000001110111
100111011010
010000101100
101000000001
001011101000
001001111111
101111000000
010110100001
011100001000
011010100100
000110000110
000100101000
100110000110
100101100101
101001010010
010101101110
110100110010
100100100010
101001010111
101010101111
100100010100
000101000110
001001100000
000011110100
100011000111
110111001000
101110111011
000111111101
110010111110
110100110000
110011011111
101101010111
010001100000
001111001010
011110001111
100110000111
101110111110
000010110001
001100010101
000110010101
010100101010
110011101100
110111111011
101010101010
010101011001
011100011100
010101011010
110111000001
000000010001
110000101001
011011000100
011111010101
111100101110
000001110001
110101010011
001100001111
011010001100
001010011101
001111110001
011000000101
111111010111
001011010011
110000101011
010000000111
101011101100
110010101010
000110000111
110001100101
100010001010
001110110011
000101000010
101101001111
000110000110
111101100100
101010011011
101110000001
011101011001
111001101011
010100100100
101001000000
100111001000
101011110111
001000010000
010000011001
000101001000
001111010101
110100100110
100100101000
111110011111
010000000101
010001011111
000001110001
101001001000
010110111001
101001110011
010110101101
110101111001
110101001011
101000011100
111100001010
000011110111
000011011111
011100010111
011111111100
101110100100
000110111000
000111011001
001111011000
100000110101
100111001010
101010110000
100100011100
110010110110
001101111011
111011101110
010010101011
000001100111
001101110010
100100000111
011011000000
110100101101
100100001000
101110110101
001011101100
010001111100
100001010001
101001111000
010101011110
101000000001
010010011001
101011111100
110100101101
000110101101
010101100100
101001000010
010000001111
001100111111
111001110111
111101101101
010010010001
011101001100
100101011101
001100001011
000111010110
010001000100
100100011111
011000001100
010111111011
101111111101
000111100110
000010010100
110010110011
011001000111
111100011110
110101011001
000010100010
101001011010
111001100000
001011110010
101000111011
011000000001
100111010001
100010110001
001010000100
000001000111
111111110010
101110110001
001111010010
000100011001
000001000100
110010011001
010000000010
110001100011
011001000110
001011110001
011011101101
101110001111
110011000111
011001101001
110010000000
010010001011
010110111000
001010101001
000101011110
010000000001
110110101001
001100000111
011010100001
001110111101
010100000010
100011011101
011101111110
010111001011
101100110001
000111011101
001011111011
000010111010
011111001010
101110100110
010110110101
010001101001
010010011111
101010000010
001001111011
000010110100
011010111011
000100001000
111011010010
101010110100
101010001000
110111010101
000100111000
110011100111
111110110000
010101000110
000011100100
111011000111
010110001000
000010000010
111001010011
110001110001
010110100001
010100100001
001111110100
011110010100
100101011011
111101000111
110000000001
011101111000
100100010001
001010011011
011011110010
100110101011
100011101011
000110100000
010101111010
001000001101
110100001001
010010110110
000000101011
100010101000
001101011001
110111010000
111010111001
000010011100
101101110100
110111011100
000100011110
111000000000
010111011010
110100111000
111010101000
011010101111
001110100011
101011011001
111101111001
010010010100
011111110011
111001110011
001100100111
011100000001
001101110010
011000001101
011101110111
000111111000
111000111101
001011101100
001110011001
111001111100
111101100010
000011101110
111011010100
010111010100
010100000111
011100111100
101001101000
000001110011
011001111010
111101000001
111000000001
110100001111
100101010000
101101111011
011100101000
111100100101
101011001111
110101101111
001101100001
100111101010
000111010111
000000001110
010100111100
111111001110
010100111001
110100010000
100001000100
110001010110
111011101000
111001100011
110110100011
110110100100
100101010011
011010011001
010011001000
000110001110
010111111001
101010111000
000000100011
100010010100
001101010111
001011101111
110111010110
111101010000
010111000110
110001101010
000001011000
110100100111
100001000010
010101110010
110111000010
000000000011
111010000011
101111100101
010111001101
100111110011
111110110101
110110111110
101010101111
111011110111
101011000100
101111010001
010011011101
100110110110
100111001011
001111111100
101111010000
111101101100
110001001100
111111110010
001111100011
110101001011
001101010001
100010100100
001100100110
000101001111
100100110101
111011110110
110011001001
000000010110
001011111110
110110101011
101101101001
100100011010
001100010100
111010000100
001001010101
111010001100
000000110001
100010010011
100111011110
110010111100
010011101111
011111011001
011000100110
110011011011
011001000010
011111100010
111001010111
110100011100
100110101111
110000001000
101101010110
111111100111
011001010001
111110011010
010001001010
101110111111
010010011100
111001100011
100010100110
110111001111
011111001000
111100111110
010101101100
101010100101
010011001111
110110000110
100111001000
001010110111
110110000000
000101001001
110110000110
010110100100
101101111100
110011111011
000011000000
000011011000
101110110010
110010001001
110001110101
110101010001
110011111111
110100010110
110110101111
010100100110
110110010110
010101100010
100001011001
111111001111
101100010010
101111001110
011001011111
011010100111
011101100010
001001100001
001110110110
001010001110
100010110011
111010001100
011001110110
101111000110
010100010101
100100101110
110000001111
111110001110
000101001110
111111010100
100010110101
111110101111
011110000011
001110000110
110100111101
101001111000
011110010010
101111110110
010110110001
111011100011
011110111011
100101100111
110111000010
010111000101
000011101110
010100011011
000011110101
010110100000
000110101001
011011011000
000100010000
000111011110
101111100101
001101100001
010001011101
110011111000
010010111100
100100100000
000010101101
001101111001
011010101000
010110111110
100010111000
011011010000
111111110111
001110011101
010000110110
110010110101
010010001110
110111011000
000010000000
000110001010
111001110010
100001000001
001000001001
100111001010
011001110110
110110001110
000010110110
010101100111
101110111100
101100000011
001011101111
101010110111
111000111100
011000011100
011001001100
000010011000
011100010100
011111011110
110001010011
110011110101
111000000100
000110100000
110000010101
111101011001
010110001101
010010010000
011000110110
010011001101
000111001010
011110100111
100010010011
010010010100
000011100010
001101000000
101001111010
010010010110
000001001110
011100100001
010001100011
100011001110
010100101011
001011011001
011110110011
010001001011
000110101111
110100110111
011110100110
100011001010
011000011101
000100110101
011001000100
110101100011
001111110000
110000010111
001000000110
001000001011
110010010000
100011011110
010111011011
000111010000
101100100010
010000111111
010110100000
100100010111
111101000110
000010010011
100010110000
010110001001
011111101111
000100010000
101011111001
100000011010
001000101101
110110100000
100101111011
111010001000
011011110000
100101001101
011000110011
000001010101
111001001100
001000100110
000010111100
111100011000
101010111000
101110010101
100111100011
011001011110
001010110100
011100110000
011001001001
110000001110
000001111011
011000011011
010000001000
001000010011
010000010000
010110100011
110000011011
111111110100
011000000000
001001100101
110100010110
001101001100
101101110000
000100000110
110110001101
011010111110
101101011010
010010011110
110010011111
011111101100
100001011111
011101100010
000111011100
111101101110
100111111101
101111110110
010000110110
010101101101
110111101010
010001100001
100100111111
100001110001
011100011111
000011110111
110011101100
001110111010
110111101111
110100110101
100111001010
111101001011
001011101110
000010110000
100011101101
010101001001
101101011000
101110011100
011010010101
101011010011
001101101010
001110111010
000001001101
000111010001
010100100101
010111011011
001010000111
010000111110
100011110101
010100101101
110100111011
111000100001
011110001010
011000001110
100000101011
010101011101
010110011010
010100111001
111101101110
011100111010
110001101000
000001110101
011010101100
001010010110
111111111010
111100010001
111101100110
101000100110
100011011010
010001110000
110101110010
111110010011
111010000101
110110101011
101011001011
111101000100
101010101001
111000110001
001100111000
110111000111
100111110000
000110101101
100000001011
110111101110
111101010110
000000110101
010111010000
101101110000
100111011111
011110101111
101011111100
010001100001
001000100111
111110011111
100110100001
111000100110
011011101111
110000000111
001010011111
110111100000
011000000011
010001010000
011000011111
011100110100
011000010100
010111011001
111110100010
111010100100
110000110010
111000001101
111010000001
010010100100
001111011101
110011001011
010100100100
111111111101
011101010111
110111111011
111100101100
001011011001
001001010001
111001011000
100000001100
101001011000
100110110110
011001110011
110001010101
000011011100
101010111101
010011000111
100111011111
101000100000
000000100000
100111011101
100111011010
110110010101
001001001100
100001101010
011100100101
110011010101
