101011000001
111101100000
111001101100
010110010000
100101101111
110101000011
110010010101
000101011001
110100011001
111010001100
010111001000
000001000110
000100100011
111011110001
111100111111
100101101000
110010011101
000011010000
000010111111
111110011000
001011110100
010101111010
111011101000
000100001110
100010111001
101100110100
110011110001
000100010011
110100100111
010011101011
001101100001
001101110010
101001110011
011001100100
010110101001
000001010000
001111110100
001100000111
100111011001
001101101110
101011100001
110001010100
001000010100
001001110000
110101111011
011111010001
101111011101
011011011011
110110011111
100110010001
000101110100
000011111110
111100110100
101110011100
100000111000
000110001100
000010100101
010100111111
000101111010
101110100001
110111101101
000001001011
111110000101
110000110101
111011111001
111111110101
101110010000
100110000111
000001001001
011010000111
010110111100
011001101111
000000100110
001001001011
111100110011
011011000101
111101110110
100110011011
101111000100
100000000010
010001000010
101010010111
100101100010
001101000110
010110101110
111111100110
010110010100
000011110011
101101000011
101001111101
100011011010
010110111111
110111000010
000001011100
011000100001
100110100110
100111001100
000101101100
011000100101
010010101111
011110010110
111000100100
101000101010
101101001111
000001110101
110000010100
011000101011
110101100101
011010010011
010100110011
001000011101
001100011111
011111010100
101110011011
100110011100
000110010110
101111101111
111101010110
011111001111
001111000100
001100110011
010001100010
110010100101
000100111001
110101000101
010101010011
000000110111
000111101100
111101001011
000100111101
000110010000
000000101111
010000100001
011101110101
111100010110
011101100101
110000101110
111000101001
100110001101
011101001110
010111110011
100101110111
111010101010
101000010101
110110100010
001011110000
000101110011
101000011001
101000000011
010011111111
011011111001
001010001000
100001011001
001100110000
001101011110
000100110010
100001011111
101110010011
010100000010
001001111100
111111011001
111010011111
011010110100
110101100100
010000010001
000101010101
110111011111
011110010110
001101101011
010100111111
011110110101
100011001011
011110100100
101010110011
011010001101
110110111000
011100000001
000100011011
010101011011
001010111001
100010111101
010100111011
010000100101
010110110100
011101100111
010100011010
010101101101
100100001010
100010010001
101011110110
001001001001
100010010111
101001100101
101010001100
001011111110
000011000111
100100000011
110001100000
101111111110
111110111001
011101011000
110111110010
100011111100
010011101001
001100001011
001111010100
010011010001
001101001110
010011111110
001100101100
101001001100
111100111000
000001010110
101100110000
111101000011
000000000001
101101110100
000000111111
110110011010
010110010001
001001100000
000011110110
000000000101
001100001100
100001011000
001100000000
101110011011
000010100011
000101110100
111101100010
111111000011
011101111110
010011100010
010100001100
001010000010
011010011101
110111110000
110100011010
111001000011
100100001011
110101011100
101110110001
111001000010
101000010101
010011111111
110110010001
001111100010
101001001101
001100001111
010101101111
001000011101
000100110001
100100011110
000001110011
100001010001
010001000000
111111100011
101011101010
010001010010
110111101011
011110111100
110011111011
001011100010
000010100001
000110101011
011100010010
101101110001
010111000101
110111111101
010010110011
011001011011
000010100011
011001001100
100111111101
011111011110
000111101001
111000001011
101101110011
011100111010
111010101010
000000011111
100011001000
110010000110
111110110000
011101010110
010111111001
001110101001
101010111010
000111011011
100010101110
110001100110
110101001001
000100001110
101100000110
111111011110
100110011101
100000010010
111101101101
000111111011
011001110000
000100111110
110110000100
110111011011
101101111111
101011000011
001010000010
000001101010
110000000111
100100010100
000100011110
100110111101
111010100101
100100010111
111111010100
001111111100
101001100101
101011010111
101100100011
010101011100
001110001001
110100000100
001110111010
111000000011
100110100111
100001101001
110011110110
001101001001
101011101110
100010110110
001110011101
111010001011
011010101100
000000010111
000101111110
101111011110
011101101110
101110011011
110100010010
011100100101
100100100111
011101100010
110010111000
000101110101
110101001001
100111101011
110011100101
110000010001
001111100110
110110111110
101011101010
001001100101
110101111100
001011011101
000011100100
110101000000
110011110110
010001000101
011110101011
111001101001
010011001000
110001010100
000000001000
011011011100
001111010111
110101111000
011001011000
000011111011
100110011111
011011011001
111111100100
111011101001
010111100000
001000000011
000100010110
010100111000
101111100101
111001111011
001111111001
101110011010
001111000010
001001101110
011110010110
010011000110
011101111001
101001101010
010001111011
111010011101
100100010100
001100110001
011110010010
110010100111
110010010101
101011111011
100110110111
101101011101
000110000101
101010101111
011000001001
000001011000
011001101000
010110001101
110111000011
011100111100
111001011110
111011011001
011010101011
010111100100
000110011100
111100110011
110000100011
001000111110
001001000000
100110111101
010110011000
001010000001
110001111001
010011000111
101011111111
001110010111
010100110110
011100101001
001011000110
101101010000
001011101001
000010110100
000111001011
110111111110
111000110011
110010001100
111001101110
001010111110
000110000010
010100110010
111100001011
110001100110
101100101111
011101101111
001000100001
100101001000
010101111100
110010101011
010100010110
110101011100
110100001001
110010010011
011110100000
000011110010
100111010101
001011011101
110100111001
111111000100
111000111001
111001010010
110111001010
110010001100
010000001101
101001110100
111101100000
111100000110
100000010011
100110110101
111000011101
111011111100
111000010001
111000011001
110110101100
001010110011
110001001001
110100000010
011010000000
111001100011
100011001100
001011010001
101111110000
000110100111
010010101100
101100011101
001100110001
111010111110
001001011110
101011001110
000011111100
010101010011
010011001101
000111111010
000010101001
000111100110
100101010110
100100011110
010111011001
101001100001
001010000010
011111011011
110001101111
011111010011
101011011010
010101111011
111001100110
100111011000
001000110110
011100000001
001110101110
001100100111
100101001010
010111110001
000011111110
011100111001
000000000001
110001111011
010011001010
001001000101
101010101000
101000100000
100001111101
010010111000
101100000110
111010000010
000011000000
100101001001
001100010100
000000100000
111010011111
001111011011
000010001111
100000001100
010010101101
010100000011
110000001100
100011011111
111111110011
101010110011
011000110001
001001110000
111000100101
100101101000
100111010010
110010101110
011100001101
101100010001
011111000001
011100111100
001000111110
010001100000
101001110100
101110010010
101010011100
101000111010
101010011010
101011110000
111101110111
001000110010
000011110100
000110101110
110101000111
101110100111
011001111111
111100101010
001101101010
000100111000
101100011001
010100100110
010011110100
110111000001
000011100111
011100011101
001010101001
111100111111
000110101100
001001110101
111101011101
001000010100
100001011100
110100010001
011100011110
000001110000
111001010000
111010011010
011100100101
000000100101
110110010001
010001101011
010111111101
001011100011
001110010100
111001110010
001000001000
110111011110
001010011100
010010110111
001010000111
011110011111
110001000110
011001000111
011101001000
001010110111
000101000101
110011000100
100000111000
110100111000
010000111111
101100000011
010010010001
011101110010
101101111010
010100110001
101000101100
010110100101
010111100000
101100010010
100110011011
011101111001
011111000010
111000001000
010101101011
100010100011
100111101001
101111010010
100110100100
010101111011
110101001100
110001010111
110000101001
001110101100
100010001110
011001110010
101001000101
100101101011
110001011011
110011010101
011010100101
101101100001
100010011110
111010111001
010000001110
011000100101
001000010110
001111010101
000100110001
111100001110
110000000110
011000010000
011010110100
111001100011
111111001000
000100100010
111101111111
111001100011
000111011110
000011000011
000011001010
111110101000
100100010011
110111010101
010100100000
000001011011
000100100010
000110101110
110100100010
100100010110
110000111110
100110111111
011101110001
000011010111
110010000101
101001000100
001110111001
111000100110
101111010110
100000001010
101110101011
001100010010
001001100011
101101001110
110010100010
001001101010
110001010000
110011000000
000100100001
001001001000
010001100110
110000010010
101001110100
101000110011
011111001110
001110110000
000110101000
000110101000
110100101101
011100011001
011110110001
101011001010
011001111110
000110111111
001001111010
110111000101
010111001100
110011101101
111000010011
000111101010
000001010011
000010000000
010010000001
110111000110
100100100011
101110010000
011010001010
111111010011
001011111010
110110100011
100011010010
101000000110
111111101011
110011001100
011111100100
100110010001
011010001110
101101010001
110101001111
000101011101
101110000000
010111110001
111000000010
000010111110
001001110010
001110010100
100100100001
001111001001
100111110111
000101110110
010000010010
100100001110
001010100011
110010011100
110101011101
010000110110
001100110100
111010111001
000110100111
101011110001
111010000100
101110000101
110110111110
100101001101
101001010110
000011111110
100111110000
000100011011
000001100001
011110111010
000111101001
100110011101
101010001110
010100111110
101110000110
001011100010
101000001010
100011110001
111111000011
111010110000
001000100011
100111000111
101111001001
011011100110
011111011101
010000101011
010011110000
111110000010
011000010000
101001111001
011011001101
101010000110
100111101011
110101100110
110101001011
011000001011
100100011111
100011111111
010000000101
111100010101
111000011110
101011000001
101010001101
101101000100
111011100001
011111011000
111111100101
101101001011
000011100100
101001010111
010001110110
100000111001
010100100110
100000010010
111100001111
101001111010
110110101110
111010111001
011010010000
011110101010
101000110011
010100101100
100111110111
110101101001
010000100001
001100001111
100000100001
001011010011
010111000101
001011000011
000001100000
111110101000
000101000001
101001100110
111101001010
000001001111
011000111111
110000110000
100001001110
110001101010
001010010111
111101010001
001110010100
000101100100
000110000110
011100110001
011010001101
111010010010
010001000011
110100101011
011101111000
100100111110
000001010100
001001111100
101110001001
111011110001
110110001011
100001110101
101101110111
110001101011
101110001001
011010100110
010111110110
100010110111
111011101100
000110100000
010000101100
011111110101
000110001110
110000101100
001100100011
011000000000
010010010101
000000011101
010110100100
001110100111
010110011100
101100000011
001010001110
000011010010
100111110001
100011011001
101010011100
111010110011
111001101001
110101101010
001001100011
000101001011
100101001111
011100110111
101010001100
010011000111
110011111011
011010101101
011010111100
111011111110
111110101001
100110100011
110110111101
001010010101
100100000010
101110000100
000101110001
010100100001
001110101111
001111101110
011011111011
111010110101
101110100010
011010001010
110001100101
000001000111
001000011101
011000000100
101100100111
100001100111
101100110011
000101001100
011101010001
000001101101
001111000000
101111100101
010001110111
001111101111
111010111111
110011101010
101111010011
100000101111
101111001110
101001100010
110110100011
100110100000
001101110100
110110010010
111011000100
110110001001
011001001111
011010101110
000011111101
111110100000
000000001101
011011010000
101110000011
110110100110
011001011011
100100000111
100000110100
001010101100
111011100101
111011111101
101011110010
111011000110
100111010000
111011010101
101001000011
110111001110
010011110101
001111010010
101010011110
010010100100
111110011011
101111110100
011011010011
011110001111
010110100001
111010011001
101100000011
001100110100
010001101100
111001100000
000101011100
110000110000
001010100111
001101000000
110100011001
001110100001
000011111001
111100101010
010000100000
011110111011
010100001101
101110010110
110001001010
101100110001
100101011000
100110110001
100111111001
101100111001
010010000110
110001001110
011111000111
100011011100
011000101001
000101100110
000111001111
011110110001
001010100111
111011011111
011111001000
000111100010
101101111001
111111001011
110011001110
011000010111
011011101010
001100110011
100111000100
000001110010
111111111001
111111000110
011000111101
000001100011
110100110011
011010101101
111111100101
111011110111
110110011001
010110001110
101110111010
101100001111
010111101100
