00000000
00000000
00000000
00000000
00000000
11111111
11111110
11111101
00000000
00001000
00010001
00010011
00000000
11011000
10100110
10000001
10000001
10101010
11110011
01000011
01111111
10011110
10011100
10001110
01111111
01111011
01111100
01111111
01111111
10000001
10000000
10000001
01111111
10000001
10000000
10000001
01111111
10000001
10000000
10000001
01111111
10000001
10000000
10000001
01111111
01111111
01111100
01111011
01111111
10001101
10011010
10011011
01111111
01001001
00000000
10110111
10000001
01100101
01100110
01110011
10000001
10000101
10000100
10000001
10000001
10000001
10000100
10000101
10000001
01110011
01100110
01100101
10000001
10110111
00000000
01001001
01111111
10011011
10011010
10001101
01111111
01111001
01111000
01111001
01111111
10001111
10011110
10100001
01111111
00111101
11100110
10011101
10000001
10011101
11100110
00111101
01111111
10100001
10011110
10001111
01111111
01111011
01111100
01111111
01111111
01111111
01111100
01111011
01111111
10001101
10011010
10011011
01111111
01001001
00000000
10110111
10000001
01100111
01101010
01111001
10000001
01110111
01100110
01100001
10000001
11000101
00011110
01101001
01111111
01010111
00000000
10101001
10000001
10010111
11100010
00111011
01111111
10011111
10011010
10001001
01111111
10000111
10010110
10011001
01111111
01001011
00000100
10111101
10000001
01011001
01001100
01011001
10000001
10111011
00000000
01000101
01111111
10100111
10110100
10100111
01111111
01000101
00000000
10111011
10000001
01010111
01001000
01010011
10000001
11001001
00011110
01100101
01111111
01100011
00011010
11000011
10000001
01011111
01100010
01110001
10000001
10000101
10000100
10000001
10000001
10000001
10000100
10000101
10000001
01110001
01100010
01011111
10000001
11000011
00011010
01100011
01111111
01100101
00011110
11001001
10000001
01010001
01000100
01010001
10000001
11001011
00100010
01101011
01111111
01010101
11111100
10100011
10000001
10100011
11111100
01010101
01111111
01101011
00100010
11001011
10000001
01010011
01001000
01010111
10000001
10111101
00000100
01001011
01111111
10011001
10010110
10000111
01111111
10001001
10011010
10011111
01111111
00111101
11100110
10011101
10000001
10011011
11100010
00110111
01111111
10101111
10111100
10101111
01111111
00110101
11011110
10010101
10000001
10101001
00000000
01010111
01111111
01101001
00011110
11000101
10000001
01100001
01100110
01110111
10000001
01111001
01101010
01100111
10000001
10110111
00000000
01001001
01111111
10011011
10011010
10001101
01111111
01111001
01111000
01111001
01111111
10001101
10011010
10011011
01111111
01001011
00000100
10111101
10000001
01011001
01001100
01011001
10000001
10111101
00000100
01001011
01111111
10011011
10011010
10001101
01111111
01111011
01111100
01111111
01111111
01111111
01111100
01111011
01111111
10001101
10011010
10011011
01111111
01001011
00000100
10111101
10000001
01011001
01001100
01011001
10000001
10111011
00000000
01000101
01111111
10101001
10111000
10101101
01111111
00110111
11100010
10011011
10000001
10011011
11100010
00110111
01111111
10101101
10111000
10101001
01111111
01000011
11111100
10110101
10000001
01100111
01101010
01111001
10000001
01110111
01100110
01100001
10000001
11000101
00011110
01101001
01111111
01010101
11111100
10100011
10000001
10100101
00000000
01011011
01111111
01011011
00000000
10100101
10000001
10100011
11111100
01010101
01111111
01101011
00100010
11001011
10000001
01010001
01000100
01010001
10000001
11001001
00011110
01100101
01111111
01100011
00011010
11000011
10000001
01100001
01100110
01110111
10000001
01111001
01101010
01100111
10000001
10110111
00000000
01001001
01111111
10011001
10010110
10000111
01111111
10000111
10010110
10011001
01111111
01001001
00000000
10110111
10000001
01100111
01101010
01111001
10000001
01111001
01101010
01100111
10000001
10110101
11111100
01000011
01111111
10101001
10111000
10101101
01111111
00110111
11100010
10011011
10000001
10011011
11100010
00110111
01111111
10101111
10111100
10101111
01111111
00110101
11011110
10010101
10000001
10101011
00000100
01011101
01111111
01011011
00000000
10100101
10000001
10100101
00000000
01011011
01111111
01011101
00000100
10101011
10000001
10010111
11100010
00111011
01111111
10011111
10011010
10001001
01111111
10000111
10010110
10011001
01111111
01001001
00000000
10110111
10000001
01100111
01101010
01111001
10000001
01110111
01100110
01100001
10000001
11000011
00011010
01100011
01111111
01100101
00011110
11001001
10000001
01010011
01001000
01010111
10000001
10111011
00000000
01000101
01111111
10100111
10110100
10100111
01111111
01000011
11111100
10110101
10000001
01100111
01101010
01111001
10000001
01110111
01100110
01100001
10000001
11000011
00011010
01100011
01111111
01100011
00011010
11000011
10000001
01100001
01100110
01110111
10000001
01110111
01100110
01100001
10000001
11000011
00011010
01100011
01111111
01100011
00011010
11000011
10000001
01011111
01100010
01110001
10000001
10000101
10000100
10000001
10000001
01111111
10000000
01111111
10000001
01111111
10000000
01111111
10000001
01111111
10000000
01111111
10000001
10000001
10000100
10000101
10000001
01110001
01100010
01011111
10000001
11000011
00011010
01100011
01111111
01100011
00011010
11000011
10000001
01011111
01100010
01110001
10000001
10000111
10001000
10000111
10000001
01110001
01100010
01011111
10000001
11000011
00011010
01100011
01111111
01100011
00011010
11000011
10000001
01100001
01100110
01110111
10000001
01111001
01101010
01100111
10000001
10110101
11111100
01000011
01111111
10100111
10110100
10100111
01111111
01000011
11111100
10110101
10000001
01100101
01100110
01110011
10000001
10000111
10001000
10000111
10000001
01110001
01100010
01011111
10000001
11000011
00011010
01100011
01111111
01100101
00011110
11001001
10000001
01010011
01001000
01010111
10000001
10111101
00000100
01001011
01111111
10011001
10010110
10000111
01111111
10000111
10010110
10011001
01111111
01001011
00000100
10111101
10000001
01010111
01001000
01010011
10000001
11001011
00100010
01101011
01111111
01010101
11111100
10100011
10000001
10100101
00000000
01011011
01111111
01011011
00000000
10100101
10000001
10100101
00000000
01011011
01111111
01011101
00000100
10101011
10000001
10010101
11011110
00110101
01111111
10101101
10111000
10101001
01111111
01000011
11111100
10110101
10000001
01100101
01100110
01110011
10000001
10000111
10001000
10000111
10000001
01110011
01100110
01100101
10000001
10110101
11111100
01000011
01111111
10101001
10111000
10101101
01111111
00110111
11100010
10011011
10000001
10011101
11100110
00111101
01111111
10100001
10011110
10001111
01111111
01111001
01111000
01111001
01111111
10001111
10011110
10100001
01111111
00111011
11100010
10010111
10000001
10101001
00000000
01010111
01111111
01101011
00100010
11001011
10000001
01010011
01001000
01010111
10000001
10111011
00000000
01000101
01111111
10101001
10111000
10101101
01111111
00110111
11100010
10011011
10000001
10011101
11100110
00111101
01111111
10011111
10011010
10001001
01111111
10000111
10010110
10011001
01111111
01001011
00000100
10111101
10000001
01010111
01001000
01010011
10000001
11001001
00011110
01100101
01111111
01100011
00011010
11000011
10000001
01100001
01100110
01110111
10000001
01110111
01100110
01100001
10000001
11000101
00011110
01101001
01111111
01010101
11111100
10100011
10000001
10100011
11111100
01010101
01111111
01101001
00011110
11000101
10000001
01011111
01100010
01110001
10000001
10000111
10001000
10000111
10000001
01110001
01100010
01011111
10000001
11000101
00011110
01101001
01111111
01010101
11111100
10100011
10000001
10100101
00000000
01011011
01111111
01011101
00000100
10101011
10000001
10010101
11011110
00110101
01111111
10101111
10111100
10101111
01111111
00110101
11011110
10010101
10000001
10101001
00000000
01010111
01111111
01101011
00100010
11001011
10000001
01010011
01001000
01010111
10000001
10111101
00000100
01001011
01111111
10011011
10011010
10001101
01111111
01111011
01111100
01111111
01111111
10000001
10000000
10000001
01111111
01111111
01111100
01111011
01111111
10001111
10011110
10100001
01111111
00111101
11100110
10011101
10000001
10011011
11100010
00110111
01111111
10101101
10111000
10101001
01111111
01000101
00000000
10111011
10000001
01010111
01001000
01010011
10000001
11001001
00011110
01100101
01111111
01100101
00011110
11001001
10000001
01010001
01000100
01010001
10000001
11001001
00011110
01100101
01111111
01100101
00011110
11001001
10000001
01010001
01000100
01010001
10000001
11001011
00100010
01101011
01111111
01010111
00000000
10101001
10000001
10010101
11011110
00110101
01111111
10101111
10111100
10101111
01111111
00110111
11100010
10011011
10000001
10011101
11100110
00111101
01111111
10100001
10011110
10001111
01111111
01111011
01111100
01111111
01111111
10000001
10000000
10000001
01111111
01111111
01111100
01111011
01111111
10001101
10011010
10011011
01111111
01001011
00000100
10111101
10000001
01010111
01001000
01010011
10000001
11001001
00011110
01100101
01111111
01100101
00011110
11001001
10000001
01010011
01001000
01010111
10000001
10111011
00000000
01000101
01111111
10101001
10111000
10101101
01111111
00110101
11011110
10010101
10000001
10101011
00000100
01011101
01111111
01011011
00000000
10100101
10000001
10100011
11111100
01010101
01111111
01101011
00100010
11001011
10000001
01010011
01001000
01010111
10000001
10111011
00000000
01000101
01111111
10100111
10110100
10100111
01111111
01000101
00000000
10111011
10000001
01011001
01001100
01011001
10000001
10111011
00000000
01000101
01111111
10100111
10110100
10100111
01111111
01000011
11111100
10110101
10000001
01100101
01100110
01110011
10000001
10000101
10000100
10000001
10000001
01111111
10000000
01111111
10000001
01111111
10000000
01111111
10000001
10000001
10000100
10000101
10000001
01110011
01100110
01100101
10000001
10110101
11111100
01000011
01111111
10100111
10110100
10100111
01111111
01000011
11111100
10110101
10000001
01100111
01101010
01111001
10000001
01111001
01101010
01100111
10000001
10110101
11111100
01000011
01111111
10100111
10110100
10100111
01111111
01000101
00000000
10111011
10000001
01010111
01001000
01010011
10000001
11001011
00100010
01101011
01111111
01010101
11111100
10100011
10000001
10100011
11111100
01010101
01111111
01101001
00011110
11000101
10000001
01100001
01100110
01110111
10000001
01111001
01101010
01100111
10000001
10110101
11111100
01000011
01111111
10101001
10111000
10101101
01111111
00110101
11011110
10010101
10000001
10101001
00000000
01010111
01111111
01101011
00100010
11001011
10000001
01010001
01000100
01010001
10000001
11001011
00100010
01101011
01111111
01010111
00000000
10101001
10000001
10010111
11100010
00111011
01111111
10100001
10011110
10001111
01111111
01111011
01111100
01111111
01111111
10000001
10000000
10000001
01111111
10000001
10000000
10000001
01111111
01111111
01111100
01111011
01111111
10001111
10011110
10100001
01111111
00111011
11100010
10010111
10000001
10101001
00000000
01010111
01111111
01101001
00011110
11000101
10000001
01100001
01100110
01110111
10000001
01110111
01100110
01100001
10000001
11000101
00011110
01101001
01111111
01010111
00000000
10101001
10000001
10010101
11011110
00110101
01111111
10101101
10111000
10101001
01111111
01000011
11111100
10110101
10000001
01100111
01101010
01111001
10000001
01111001
01101010
01100111
10000001
10110111
00000000
01001001
01111111
10011001
10010110
10000111
01111111
10001001
10011010
10011111
01111111
00111011
11100010
10010111
10000001
10101011
00000100
01011101
01111111
01011101
00000100
10101011
10000001
10010101
11011110
00110101
01111111
10101101
10111000
10101001
01111111
01000101
00000000
10111011
10000001
01010111
01001000
01010011
10000001
11001011
00100010
01101011
01111111
01010111
00000000
10101001
10000001
10010101
11011110
00110101
01111111
10101101
10111000
10101001
01111111
01000101
00000000
10111011
10000001
01011001
01001100
01011001
10000001
10111101
00000100
01001011
01111111
10011011
10011010
10001101
01111111
01111001
01111000
01111001
01111111
10001101
10011010
10011011
01111111
01001001
00000000
10110111
10000001
01100111
01101010
01111001
10000001
01111001
01101010
01100111
10000001
10110111
00000000
01001001
01111111
10011011
10011010
10001101
01111111
01111011
01111100
01111111
01111111
01111111
01111100
01111011
01111111
10001111
10011110
10100001
01111111
00111101
11100110
10011101
10000001
10011101
11100110
00111101
01111111
10011111
10011010
10001001
01111111
10001001
10011010
10011111
01111111
00111011
11100010
10010111
10000001
10101001
00000000
01010111
01111111
01101001
00011110
11000101
10000001
01011111
01100010
01110001
10000001
10000101
10000100
10000001
10000001
10000001
10000100
10000101
10000001
01110011
01100110
01100101
10000001
10110101
11111100
01000011
01111111
10101001
10111000
10101101
01111111
00110101
11011110
10010101
10000001
10101011
00000100
01011101
01111111
01011101
00000100
10101011
10000001
10010101
11011110
00110101
01111111
10101111
10111100
10101111
01111111
00110111
11100010
10011011
10000001
10011011
11100010
00110111
01111111
10101111
10111100
10101111
01111111
00110111
11100010
10011011
10000001
10011101
11100110
00111101
01111111
10011111
10011010
10001001
01111111
10001001
10011010
10011111
01111111
00111101
11100110
10011101
10000001
10011011
11100010
00110111
01111111
10101101
10111000
10101001
01111111
01000011
11111100
10110101
10000001
01100101
01100110
01110011
10000001
10000101
10000100
10000001
10000001
10000001
10000100
10000101
10000001
01110001
01100010
01011111
10000001
11000101
00011110
01101001
01111111
01010111
00000000
10101001
10000001
10010101
11011110
00110101
01111111
10101111
10111100
10101111
01111111
00110101
11011110
10010101
10000001
10101011
00000100
01011101
01111111
01011101
00000100
10101011
10000001
10010111
11100010
00111011
01111111
10100001
10011110
10001111
01111111
01111011
01111100
01111111
01111111
01111111
01111100
01111011
01111111
10001111
10011110
10100001
01111111
00111011
11100010
10010111
10000001
10101011
00000100
01011101
01111111
01011011
00000000
10100101
10000001
10100101
00000000
01011011
01111111
01011011
00000000
10100101
10000001
10100101
00000000
01011011
01111111
01011011
00000000
10100101
10000001
10100011
11111100
01010101
01111111
01101001
00011110
11000101
10000001
01011111
01100010
01110001
10000001
10000101
10000100
10000001
10000001
01111111
10000000
01111111
10000001
10000001
10000100
10000101
10000001
01110001
01100010
01011111
10000001
11000101
00011110
01101001
01111111
01010101
11111100
10100011
10000001
10100011
11111100
01010101
01111111
01101011
00100010
11001011
10000001
01010001
01000100
01010001
10000001
11001011
00100010
01101011
01111111
01010101
11111100
10100011
10000001
10100101
00000000
01011011
01111111
01011101
00000100
10101011
10000001
10010111
11100010
00111011
01111111
10100001
10011110
10001111
01111111
01111001
01111000
01111001
01111111
10001101
10011010
10011011
01111111
01001011
00000100
10111101
10000001
01010111
01001000
01010011
10000001
11001011
00100010
01101011
01111111
01010111
00000000
10101001
10000001
10010111
11100010
00111011
01111111
10011111
10011010
10001001
01111111
10001001
10011010
10011111
01111111
00111101
11100110
10011101
10000001
10011101
11100110
00111101
01111111
10011111
10011010
10001001
01111111
10000111
10010110
10011001
01111111
01001001
00000000
10110111
10000001
01100101
01100110
01110011
10000001
10000101
10000100
10000001
10000001
01111111
10000000
01111111
10000001
10000001
10000100
10000101
10000001
01110011
01100110
01100101
10000001
10110111
00000000
01001001
01111111
10011001
10010110
10000111
01111111
10000111
10010110
10011001
01111111
01001011
00000100
10111101
10000001
01011001
01001100
01011001
10000001
10111101
00000100
01001011
01111111
10011001
10010110
10000111
01111111
10001001
10011010
10011111
01111111
00111011
11100010
10010111
10000001
10101001
00000000
01010111
01111111
01101011
00100010
11001011
10000001
01010001
01000100
01010001
10000001
11001001
00011110
01100101
01111111
01100101
00011110
11001001
10000001
01010011
01001000
01010111
10000001
10111101
00000100
01001011
01111111
10011011
10011010
10001101
01111111
01111001
01111000
01111001
01111111
10001111
10011110
10100001
01111111
00111011
11100010
10010111
10000001
10101011
00000100
01011101
01111111
01011101
00000100
10101011
10000001
10010111
11100010
00111011
01111111
10011111
10011010
10001001
01111111
10001001
10011010
10011111
01111111
00111011
11100010
10010111
10000001
10101011
00000100
01011101
01111111
01011011
00000000
10100101
10000001
10100011
11111100
01010101
01111111
01101001
00011110
11000101
10000001
01100001
01100110
01110111
10000001
01110111
01100110
01100001
10000001
11000011
00011010
01100011
01111111
01100101
00011110
11001001
10000001
01010001
01000100
01010001
10000001
11001001
00011110
01100101
01111111
01100011
00011010
11000011
10000001
01011111
01100010
01110001
10000001
10000111
10001000
10000111
10000001
01110011
01100110
01100101
10000001
10110101
11111100
01000011
01111111
10100111
10110100
10100111
01111111
01000101
00000000
10111011
10000001
01011001
01001100
01011001
10000001
10111101
00000100
01001011
01111111
10011001
10010110
10000111
01111111
10000111
10010110
10011001
01111111
01001001
00000000
10110111
10000001
01100101
01100110
01110011
10000001
10000111
10001000
10000111
10000001
01110001
01100010
01011111
10000001
11000101
00011110
01101001
01111111
01010111
00000000
10101001
10000001
10010111
11100010
00111011
01111111
10100001
10011110
10001111
01111111
01111001
01111000
01111001
01111111
10001111
10011110
10100001
01111111
00111101
11100110
10011101
10000001
10011011
11100010
00110111
01111111
10101111
10111100
10101111
01111111
00110111
11100010
10011011
10000001
10011011
11100010
00110111
01111111
10101101
10111000
10101001
01111111
01000101
00000000
10111011
10000001
01011001
01001100
01011001
10000001
10111011
00000000
01000101
01111111
10101001
10111000
10101101
01111111
00110101
11011110
10010101
10000001
10101001
00000000
01010111
01111111
01101001
00011110
11000101
10000001
01011111
01100010
01110001
10000001
10000111
10001000
10000111
10000001
01110011
01100110
01100101
10000001
10110111
00000000
01001001
01111111
10011001
10010110
10000111
01111111
10001001
10011010
10011111
01111111
00111101
11100110
10011101
10000001
10011101
11100110
00111101
01111111
10100001
10011110
10001111
01111111
01111001
01111000
01111001
01111111
10001101
10011010
10011011
01111111
01001001
00000000
10110111
10000001
01100101
01100110
01110011
10000001
10000111
10001000
10000111
10000001
01110011
01100110
01100101
10000001
10110111
00000000
01001001
01111111
10011011
10011010
10001101
01111111
01111011
01111100
01111111
01111111
10000001
10000000
10000001
01111111
10000001
10000000
10000001
01111111
10000001
10000000
10000001
01111111
10000001
10000000
10000001
01111111
01111111
01111100
01111011
01111111
10001101
10011010
10011011
01111111
01001001
00000000
10110111
10000001
01100101
01100110
01110011
10000001
10000101
10000100
10000001
10000001
10000001
10000100
10000101
10000001
01110011
01100110
01100101
10000001
10110111
00000000
01001001
01111111
10011011
10011010
10001101
01111111
01111001
01111000
01111001
01111111
10001111
10011110
10100001
01111111
00111101
11100110
10011101
10000001
10011101
11100110
00111101
01111111
10100001
10011110
10001111
01111111
01111011
01111100
01111111
01111111
01111111
01111100
01111011
01111111
10001101
10011010
10011011
01111111
01001001
00000000
10110111
10000001
01100111
01101010
01111001
10000001
01110111
01100110
01100001
10000001
11000101
00011110
01101001
01111111
01010111
00000000
10101001
10000001
10010111
11100010
00111011
01111111
10011111
10011010
10001001
01111111
10000111
10010110
10011001
01111111
01001011
00000100
10111101
10000001
01011001
01001100
01011001
10000001
10111011
00000000
01000101
01111111
10100111
10110100
10100111
01111111
01000101
00000000
10111011
10000001
01010111
01001000
01010011
10000001
11001001
00011110
01100101
01111111
01100011
00011010
11000011
10000001
01011111
01100010
01110001
10000001
10000101
10000100
10000001
10000001
10000001
10000100
10000101
10000001
01110001
01100010
01011111
10000001
11000011
00011010
01100011
01111111
01100101
00011110
11001001
10000001
01010001
01000100
01010001
10000001
11001011
00100010
01101011
01111111
01010101
11111100
10100011
10000001
10100011
11111100
01010101
01111111
01101011
00100010
11001011
10000001
01010011
01001000
01010111
10000001
10111101
00000100
01001011
01111111
10011001
10010110
10000111
01111111
10001001
10011010
10011111
01111111
00111101
11100110
10011101
10000001
10011011
11100010
00110111
01111111
10101111
10111100
10101111
01111111
00110101
11011110
10010101
10000001
10101001
00000000
01010111
01111111
01101001
00011110
11000101
10000001
01100001
01100110
01110111
10000001
01111001
01101010
01100111
10000001
10110111
00000000
01001001
01111111
10011011
10011010
10001101
01111111
01111001
01111000
01111001
01111111
10001101
10011010
10011011
01111111
01001011
00000100
10111101
10000001
01011001
01001100
01011001
10000001
10111101
00000100
01001011
01111111
10011011
10011010
10001101
01111111
01111011
01111100
01111111
01111111
01111111
01111100
01111011
01111111
10001101
10011010
10011011
01111111
01001011
00000100
10111101
10000001
01011001
01001100
01011001
10000001
10111011
00000000
01000101
01111111
10101001
10111000
10101101
01111111
00110111
11100010
10011011
10000001
10011011
11100010
00110111
01111111
10101101
10111000
10101001
01111111
01000011
11111100
10110101
10000001
01100111
01101010
01111001
10000001
01110111
01100110
01100001
10000001
11000101
00011110
01101001
01111111
01010101
11111100
10100011
10000001
10100101
00000000
01011011
01111111
01011011
00000000
10100101
10000001
10100011
11111100
01010101
01111111
01101011
00100010
11001011
10000001
01010001
01000100
01010001
10000001
11001001
00011110
01100101
01111111
01100011
00011010
11000011
10000001
01100001
01100110
01110111
10000001
01111001
01101010
01100111
10000001
10110111
00000000
01001001
01111111
10011001
10010110
10000111
01111111
10000111
10010110
10011001
01111111
01001001
00000000
10110111
10000001
01100111
01101010
01111001
10000001
01111001
01101010
01100111
10000001
10110101
11111100
01000011
01111111
10101001
10111000
10101101
01111111
00110111
11100010
10011011
10000001
10011011
11100010
00110111
01111111
10101111
10111100
10101111
01111111
00110101
11011110
10010101
10000001
10101011
00000100
01011101
01111111
01011011
00000000
10100101
10000001
10100101
00000000
01011011
01111111
01011101
00000100
10101011
10000001
10010111
11100010
00111011
01111111
10011111
10011010
10001001
01111111
10000111
10010110
10011001
01111111
01001001
00000000
10110111
10000001
01100111
01101010
01111001
10000001
01110111
01100110
01100001
10000001
11000011
00011010
01100011
01111111
01100101
00011110
11001001
10000001
01010011
01001000
01010111
10000001
10111011
00000000
01000101
01111111
10100111
10110100
10100111
01111111
01000011
11111100
10110101
10000001
01100111
01101010
01111001
10000001
01110111
01100110
01100001
10000001
11000011
00011010
01100011
01111111
01100011
00011010
11000011
10000001
01100001
01100110
01110111
10000001
01110111
01100110
01100001
10000001
11000011
00011010
01100011
01111111
01100011
00011010
11000011
10000001
01011111
01100010
01110001
10000001
10000101
10000100
10000001
10000001
01111111
10000000
01111111
10000001
01111111
10000000
01111111
10000001
01111111
10000000
01111111
10000001
10000001
10000100
10000101
10000001
01110001
01100010
01011111
10000001
11000011
00011010
01100011
01111111
01100011
00011010
11000011
10000001
01011111
01100010
01110001
10000001
10000111
10001000
10000111
10000001
01110001
01100010
01011111
10000001
11000011
00011010
01100011
01111111
01100011
00011010
11000011
10000001
01100001
01100110
01110111
10000001
01111001
01101010
01100111
10000001
10110101
11111100
01000011
01111111
10100111
10110100
10100111
01111111
01000011
11111100
10110101
10000001
01100101
01100110
01110011
10000001
10000111
10001000
10000111
10000001
01110001
01100010
01011111
10000001
11000011
00011010
01100011
01111111
01100101
00011110
11001001
10000001
01010011
01001000
01010111
10000001
10111101
00000100
01001011
01111111
10011001
10010110
10000111
01111111
10000111
10010110
10011001
01111111
01001011
00000100
10111101
10000001
01010111
01001000
01010011
10000001
11001011
00100010
01101011
01111111
01010101
11111100
10100011
10000001
10100101
00000000
01011011
01111111
01011011
00000000
10100101
10000001
10100101
00000000
01011011
01111111
01011101
00000100
10101011
10000001
10010101
11011110
00110101
01111111
10101101
10111000
10101001
01111111
01000011
11111100
10110101
10000001
01100101
01100110
01110011
10000001
10000111
10001000
10000111
10000001
01110011
01100110
01100101
10000001
10110101
11111100
01000011
01111111
10101001
10111000
10101101
01111111
00110111
11100010
10011011
10000001
10011101
11100110
00111101
01111111
10100001
10011110
10001111
01111111
01111001
01111000
01111001
01111111
10001111
10011110
10100001
01111111
00111011
11100010
10010111
10000001
10101001
00000000
01010111
01111111
01101011
00100010
11001011
10000001
01010011
01001000
01010111
10000001
10111011
00000000
01000101
01111111
10101001
10111000
10101101
01111111
00110111
11100010
10011011
10000001
10011101
11100110
00111101
01111111
10011111
10011010
10001001
01111111
10000111
10010110
10011001
01111111
01001011
00000100
10111101
10000001
01010111
01001000
01010011
10000001
11001001
00011110
01100101
01111111
01100011
00011010
11000011
10000001
01100001
01100110
01110111
10000001
01110111
01100110
01100001
10000001
11000101
00011110
01101001
01111111
01010101
11111100
10100011
10000001
10100011
11111100
01010101
01111111
01101001
00011110
11000101
10000001
01011111
01100010
01110001
10000001
10000111
10001000
10000111
10000001
01110001
01100010
01011111
10000001
11000101
00011110
01101001
01111111
01010101
11111100
10100011
10000001
10100101
00000000
01011011
01111111
01011101
00000100
10101011
10000001
10010101
11011110
00110101
01111111
10101111
10111100
10101111
01111111
00110101
11011110
10010101
10000001
10101001
00000000
01010111
01111111
01101011
00100010
11001011
10000001
01010011
01001000
01010111
10000001
10111101
00000100
01001011
01111111
10011011
10011010
10001101
01111111
01111011
01111100
01111111
01111111
10000001
10000000
10000001
01111111
01111111
01111100
01111011
01111111
10001111
10011110
10100001
01111111
00111101
11100110
10011101
10000001
10011011
11100010
00110111
01111111
10101101
10111000
10101001
01111111
01000101
00000000
10111011
10000001
01010111
01001000
01010011
10000001
11001001
00011110
01100101
01111111
01100101
00011110
11001001
10000001
01010001
01000100
01010001
10000001
11001001
00011110
01100101
01111111
01100101
00011110
11001001
10000001
01010001
01000100
01010001
10000001
11001011
00100010
01101011
01111111
01010111
00000000
10101001
10000001
10010101
11011110
00110101
01111111
10101111
10111100
10101111
01111111
00110111
11100010
10011011
10000001
10011101
11100110
00111101
01111111
10100001
10011110
10001111
01111111
01111011
01111100
01111111
01111111
10000001
10000000
10000001
01111111
01111111
01111100
01111011
01111111
10001101
10011010
10011011
01111111
01001011
00000100
10111101
10000001
01010111
01001000
01010011
10000001
11001001
00011110
01100101
01111111
01100101
00011110
11001001
10000001
01010011
01001000
01010111
10000001
10111011
00000000
01000101
01111111
10101001
10111000
10101101
01111111
00110101
11011110
10010101
10000001
10101011
00000100
01011101
01111111
01011011
00000000
10100101
10000001
10100011
11111100
01010101
01111111
01101011
00100010
11001011
10000001
01010011
01001000
01010111
10000001
10111011
00000000
01000101
01111111
10100111
10110100
10100111
01111111
01000101
00000000
10111011
10000001
01011001
01001100
01011001
10000001
10111011
00000000
01000101
01111111
10100111
10110100
10100111
01111111
01000011
11111100
10110101
10000001
01100101
01100110
01110011
10000001
10000101
10000100
10000001
10000001
01111111
10000000
01111111
10000001
01111111
10000000
01111111
10000001
10000001
10000100
10000101
10000001
01110011
01100110
01100101
10000001
10110101
11111100
01000011
01111111
10100111
10110100
10100111
01111111
01000011
11111100
10110101
10000001
01100111
01101010
01111001
10000001
01111001
01101010
01100111
10000001
10110101
11111100
01000011
01111111
10100111
10110100
10100111
01111111
01000101
00000000
10111011
10000001
01010111
01001000
01010011
10000001
11001011
00100010
01101011
01111111
01010101
11111100
10100011
10000001
10100011
11111100
01010101
01111111
01101001
00011110
11000101
10000001
01100001
01100110
01110111
10000001
01111001
01101010
01100111
10000001
10110101
11111100
01000011
01111111
10101001
10111000
10101101
01111111
00110101
11011110
10010101
10000001
10101001
00000000
01010111
01111111
01101011
00100010
11001011
10000001
01010001
01000100
01010001
10000001
11001011
00100010
01101011
01111111
01010111
00000000
10101001
10000001
10010111
11100010
00111011
01111111
10100001
10011110
10001111
01111111
01111011
01111100
01111111
01111111
10000001
10000000
10000001
01111111
10000001
10000000
10000001
01111111
01111111
01111100
01111011
01111111
10001111
10011110
10100001
01111111
00111011
11100010
10010111
10000001
10101001
00000000
01010111
01111111
01101001
00011110
11000101
10000001
01100001
01100110
01110111
10000001
01110111
01100110
01100001
10000001
11000101
00011110
01101001
01111111
01010111
00000000
10101001
10000001
10010101
11011110
00110101
01111111
10101101
10111000
10101001
01111111
01000011
11111100
10110101
10000001
01100111
01101010
01111001
10000001
01111001
01101010
01100111
10000001
10110111
00000000
01001001
01111111
10011001
10010110
10000111
01111111
10001001
10011010
10011111
01111111
00111011
11100010
10010111
10000001
10101011
00000100
01011101
01111111
01011101
00000100
10101011
10000001
10010101
11011110
00110101
01111111
10101101
10111000
10101001
01111111
01000101
00000000
10111011
10000001
01010111
01001000
01010011
10000001
11001011
00100010
01101011
01111111
01010111
00000000
10101001
10000001
10010101
11011110
00110101
01111111
10101101
10111000
10101001
01111111
01000101
00000000
10111011
10000001
01011001
01001100
01011001
10000001
10111101
00000100
01001011
01111111
10011011
10011010
10001101
01111111
01111001
01111000
01111001
01111111
10001101
10011010
10011011
01111111
01001001
00000000
10110111
10000001
01100111
01101010
01111001
10000001
01111001
01101010
01100111
10000001
10110111
00000000
01001001
01111111
10011011
10011010
10001101
01111111
01111011
01111100
01111111
01111111
01111111
01111100
01111011
01111111
10001111
10011110
10100001
01111111
00111101
11100110
10011101
10000001
10011101
11100110
00111101
01111111
10011111
10011010
10001001
01111111
10001001
10011010
10011111
01111111
00111011
11100010
10010111
10000001
10101001
00000000
01010111
01111111
01101001
00011110
11000101
10000001
01011111
01100010
01110001
10000001
10000101
10000100
10000001
10000001
10000001
10000100
10000101
10000001
01110011
01100110
01100101
10000001
10110101
11111100
01000011
01111111
10101001
10111000
10101101
01111111
00110101
11011110
10010101
10000001
10101011
00000100
01011101
01111111
01011101
00000100
10101011
10000001
10010101
11011110
00110101
01111111
10101111
10111100
10101111
01111111
00110111
11100010
10011011
10000001
10011011
11100010
00110111
01111111
10101111
10111100
10101111
01111111
00110111
11100010
10011011
10000001
10011101
11100110
00111101
01111111
10011111
10011010
10001001
01111111
10001001
10011010
10011111
01111111
00111101
11100110
10011101
10000001
10011011
11100010
00110111
01111111
10101101
10111000
10101001
01111111
01000011
11111100
10110101
10000001
01100101
01100110
01110011
10000001
10000101
10000100
10000001
10000001
10000001
10000100
10000101
10000001
01110001
01100010
01011111
10000001
11000101
00011110
01101001
01111111
01010111
00000000
10101001
10000001
10010101
11011110
00110101
01111111
10101111
10111100
10101111
01111111
00110101
11011110
10010101
10000001
10101011
00000100
01011101
01111111
01011101
00000100
10101011
10000001
10010111
11100010
00111011
01111111
10100001
10011110
10001111
01111111
01111011
01111100
01111111
01111111
01111111
01111100
01111011
01111111
10001111
10011110
10100001
01111111
00111011
11100010
10010111
10000001
10101011
00000100
01011101
01111111
01011011
00000000
10100101
10000001
10100101
00000000
01011011
01111111
01011011
00000000
10100101
10000001
10100101
00000000
01011011
01111111
01011011
00000000
10100101
10000001
10100011
11111100
01010101
01111111
01101001
00011110
11000101
10000001
01011111
01100010
01110001
10000001
10000101
10000100
10000001
10000001
01111111
10000000
01111111
10000001
10000001
10000100
10000101
10000001
01110001
01100010
01011111
10000001
11000101
00011110
01101001
01111111
01010101
11111100
10100011
10000001
10100011
11111100
01010101
01111111
01101011
00100010
11001011
10000001
01010001
01000100
01010001
10000001
11001011
00100010
01101011
01111111
01010101
11111100
10100011
10000001
10100101
00000000
01011011
01111111
01011101
00000100
10101011
10000001
10010111
11100010
00111011
01111111
10100001
10011110
10001111
01111111
01111001
01111000
01111001
01111111
10001101
10011010
10011011
01111111
01001011
00000100
10111101
10000001
01010111
01001000
01010011
10000001
11001011
00100010
01101011
01111111
01010111
00000000
10101001
10000001
10010111
11100010
00111011
01111111
10011111
10011010
10001001
01111111
10001001
10011010
10011111
01111111
00111101
11100110
10011101
10000001
10011101
11100110
00111101
01111111
10011111
10011010
10001001
01111111
10000111
10010110
10011001
01111111
01001001
00000000
10110111
10000001
01100101
01100110
01110011
10000001
10000101
10000100
10000001
10000001
01111111
10000000
01111111
10000001
10000001
10000100
10000101
10000001
01110011
01100110
01100101
10000001
10110111
00000000
01001001
01111111
10011001
10010110
10000111
01111111
10000111
10010110
10011001
01111111
01001011
00000100
10111101
10000001
01011001
01001100
01011001
10000001
10111101
00000100
01001011
01111111
10011001
10010110
10000111
01111111
10001001
10011010
10011111
01111111
00111011
11100010
10010111
10000001
10101001
00000000
01010111
01111111
01101011
00100010
11001011
10000001
01010001
01000100
01010001
10000001
11001001
00011110
01100101
01111111
01100101
00011110
11001001
10000001
01010011
01001000
01010111
10000001
10111101
00000100
01001011
01111111
10011011
10011010
10001101
01111111
01111001
01111000
01111001
01111111
10001111
10011110
10100001
01111111
00111011
11100010
10010111
10000001
10101011
00000100
01011101
01111111
01011101
00000100
10101011
10000001
10010111
11100010
00111011
01111111
10011111
10011010
10001001
01111111
10001001
10011010
10011111
01111111
00111011
11100010
10010111
10000001
10101011
00000100
01011101
01111111
01011011
00000000
10100101
10000001
10100011
11111100
01010101
01111111
01101001
00011110
11000101
10000001
01100001
01100110
01110111
10000001
01110111
01100110
01100001
10000001
11000011
00011010
01100011
01111111
01100101
00011110
11001001
10000001
01010001
01000100
01010001
10000001
11001001
00011110
01100101
01111111
01100011
00011010
11000011
10000001
01011111
01100010
01110001
10000001
10000111
10001000
10000111
10000001
01110011
01100110
01100101
10000001
10110101
11111100
01000011
01111111
10100111
10110100
10100111
01111111
01000101
00000000
10111011
10000001
01011001
01001100
01011001
10000001
10111101
00000100
01001011
01111111
10011001
10010110
10000111
01111111
10000111
10010110
10011001
01111111
01001001
00000000
10110111
10000001
01100101
01100110
01110011
10000001
10000111
10001000
10000111
10000001
01110001
01100010
01011111
10000001
11000101
00011110
01101001
01111111
01010111
00000000
10101001
10000001
10010111
11100010
00111011
01111111
10100001
10011110
10001111
01111111
01111001
01111000
01111001
01111111
10001111
10011110
10100001
01111111
00111101
11100110
10011101
10000001
10011011
11100010
00110111
